2
9
676
2
228
19775
4
207
29492
8
23
2798
11
132
18910
13
16
465
15
35
2350
16
207
34786
18
27
579
27
33
607
31
41
1970
45
55
2497
57
67
1085
60
87
3188
60
128
7108
65
68
1103
67
73
1734
67
83
2301
69
78
2594
70
109
4457
77
100
2790
88
106
1720
91
97
1283
102
123
2352
105
112
1017
111
220
15052
116
137
4667
122
136
2181
134
152
4548
139
148
594
148
157
1386
155
168
768
157
163
757
163
178
2266
167
173
925
167
180
1452
171
185
1417
179
202
3342
180
206
5132
184
195
1207
188
200
1294
190
199
1025
204
216
1466
209
236
3319
211
215
635
217
226
970
220
223
656
222
239
3094
224
233
1069
