0
22
2492
0
71
14311
1
2
202
1
17
2391
2
15
1681
2
77
10844
4
20
2536
7
18
3126
7
22
2010
7
68
7092
8
17
2623
8
20
1290
8
27
4014
10
27
4020
13
33
4077
14
25
1169
16
33
1959
18
29
976
18
30
1852
19
39
1600
20
30
895
22
46
2253
26
31
636
28
38
1207
28
38
1015
29
43
4281
33
39
572
33
47
2362
33
47
1570
34
37
238
36
43
895
36
45
1411
37
50
3140
39
47
1116
39
48
1134
40
53
2782
40
61
2034
42
48
740
46
69
2417
47
54
753
49
63
3926
49
63
1219
49
64
1131
50
59
1624
51
59
718
51
65
1329
53
54
229
55
68
1285
56
73
2301
58
64
1212
59
73
1216
62
73
1332
63
68
608
63
74
1262
65
75
1724
