0
19
2799
5
15
1329
7
26
4444
8
19
2652
11
29
2114
15
32
4138
16
21
1220
16
38
2460
20
40
1383
21
28
2123
24
36
1502
28
46
1926
28
48
3016
29
44
1520
30
40
1743
30
53
2582
32
58
3702
33
120
11807
39
66
3886
44
62
2926
46
65
2213
47
51
609
56
72
2419
58
74
4103
59
68
1045
59
71
2574
61
132
5599
65
76
1337
69
80
1898
76
81
1321
78
161
10873
86
95
1849
87
111
4894
89
115
2425
90
102
1521
94
98
422
94
107
3288
94
153
8009
102
114
3031
119
143
2221
122
131
1535
126
134
1169
132
152
1809
135
150
3519
138
143
1496
140
151
1693
141
149
656
142
152
825
146
166
2428
150
159
1845
152
161
1452
161
167
1187
165
172
2262
172
179
1665
