3
18
1390
4
22
3719
17
83
8773
22
33
1008
27
39
2946
30
40
2035
31
43
3265
36
47
2214
41
44
249
43
48
838
47
59
1864
51
62
1399
52
76
1916
54
72
1319
56
65
1550
59
70
1801
70
83
3093
77
100
3774
78
84
397
81
97
2450
89
103
1589
95
196
14583
107
126
1879
109
116
1059
109
121
1815
112
123
1386
113
117
500
115
125
2021
118
139
4302
121
146
1525
125
139
1531
128
150
1992
140
146
1125
141
148
1489
143
155
2213
157
163
851
159
172
2141
159
175
2722
161
165
358
166
187
2752
171
179
1002
171
180
1251
174
175
437
193
197
1266
200
212
1890
204
210
1551
