3
6
952
5
7
180
10
25
2815
12
16
775
14
32
1599
16
129
26520
17
26
1867
21
37
1818
22
36
3035
24
34
1829
27
42
2217
27
44
2018
30
36
1093
30
95
9200
33
50
2394
38
52
1034
38
58
4375
40
61
1493
41
43
533
42
53
2965
45
122
7520
49
55
785
56
73
2606
61
137
10343
62
74
1651
64
74
1102
65
74
1896
69
74
1123
70
88
2436
75
76
402
76
84
846
80
97
2636
82
86
1380
90
102
2598
90
115
4077
91
92
158
96
115
4794
99
108
2029
100
107
1849
102
109
899
102
110
1723
103
108
1147
104
118
2480
108
125
2587
112
116
1302
134
136
410
142
153
936
