0
122
13666
2
11
1392
4
29
3668
19
22
537
25
37
1685
28
37
1255
30
42
1774
31
137
19866
33
40
1587
37
48
2469
53
119
8033
54
62
926
61
115
4445
63
74
1469
64
77
3984
66
79
2091
69
77
763
69
84
4337
71
92
2695
72
79
1027
73
80
1237
77
88
1256
77
94
2085
78
90
3013
78
104
6222
83
93
1518
85
95
1666
86
97
2268
92
106
1829
98
101
456
99
105
734
100
108
1370
102
111
2483
108
111
404
112
124
1217
115
130
2460
118
126
1531
119
125
1208
121
138
1546
127
134
886
129
141
1374
132
140
1064
132
145
3195
133
142
2047
