0
16
1177
1
16
2495
3
17
2171
4
17
2259
5
9
403
7
17
2406
7
25
2018
8
22
2060
8
48
11180
9
20
1009
9
21
1394
11
20
1023
12
26
1351
12
36
3337
13
19
965
15
17
416
19
62
10695
20
31
834
21
34
2201
22
45
4146
23
32
1249
24
36
2580
24
41
2909
24
56
3867
26
38
1470
26
49
3933
27
32
1185
27
39
2527
27
40
3442
28
37
923
31
62
2207
33
42
1061
33
50
1857
34
44
1409
34
47
2796
34
47
902
34
55
2487
35
40
1101
35
47
2402
36
52
2132
38
56
2255
38
62
2361
39
48
1005
39
48
1548
40
51
1153
40
57
3231
40
57
2624
40
59
3073
40
60
3891
42
63
5514
43
47
1068
45
52
797
45
60
1740
46
56
1336
48
65
1699
49
57
1578
50
64
2103
52
59
1077
53
58
638
