3
182
18985
12
20
580
13
24
1644
18
32
3639
21
110
17976
26
43
1940
34
35
329
38
47
2181
41
58
2497
49
71
2291
50
64
3919
51
60
1837
52
65
1616
59
76
3901
61
83
4920
63
82
4772
73
83
1185
79
94
1648
81
83
311
91
171
13104
93
209
8993
95
98
458
96
144
10807
114
131
1693
124
138
2056
127
147
3118
130
133
808
136
147
1344
140
149
1328
140
160
3337
141
145
637
141
149
1067
141
149
676
149
154
1399
160
179
2174
162
173
1219
164
183
1818
165
170
459
167
177
1522
179
188
2569
188
199
1982
190
193
585
197
212
2037
