0
26
7033
1
7
727
1
18
2195
2
14
954
3
93
10824
3
94
9741
4
23
2683
10
17
878
11
13
297
11
27
2547
12
19
1170
13
17
735
14
24
1850
16
95
12973
18
34
2516
22
44
2583
25
27
277
25
31
1400
26
34
654
28
35
1669
30
48
2602
32
40
879
34
37
526
34
39
712
35
50
3223
37
62
6939
39
56
2763
40
46
960
40
47
1073
40
69
6878
41
53
2202
47
52
982
48
57
2766
48
65
1324
51
58
1928
52
59
1149
56
67
1578
57
60
614
57
64
1125
62
77
2984
63
67
495
63
73
1670
65
90
4613
68
79
1167
72
81
1626
73
77
436
73
94
4943
78
85
1327
