1
91
7890
1
96
12623
2
73
12524
5
14
1827
5
15
1309
6
8
252
7
29
4140
9
17
1243
10
16
777
12
25
3314
13
101
6275
15
22
982
15
26
2174
17
35
5349
18
26
898
21
30
545
22
34
1384
24
34
2761
24
39
2363
25
48
2806
30
44
2319
30
57
5088
36
53
1517
37
50
1920
39
65
2990
42
53
2451
42
63
5024
43
49
1197
46
66
2816
49
53
422
50
68
1650
50
68
2686
55
81
2791
56
62
1054
59
69
1934
61
67
860
62
69
1284
62
75
1735
63
70
487
65
71
830
65
75
1662
65
78
2802
67
81
962
68
83
3401
70
94
3150
72
78
589
72
78
477
72
84
1672
72
91
2137
73
92
3337
74
96
2076
76
86
1876
76
91
3638
76
98
2669
78
89
1451
81
98
1635
82
86
421
85
92
618
86
92
474
96
98
375
97
100
578
