2
119
23554
5
17
1160
6
24
4645
11
23
1493
15
35
2124
19
38
1339
23
32
1747
24
31
1087
24
160
21497
27
39
1095
27
42
1513
29
41
1291
29
56
4748
30
44
1526
32
35
726
35
54
3428
46
53
1789
48
59
1091
58
70
1427
62
64
468
67
73
897
68
86
2550
77
90
1210
79
98
2263
80
84
429
86
97
2417
86
108
4285
91
93
282
94
102
954
96
115
5529
99
109
715
101
120
5226
102
115
1952
104
123
3010
107
129
1872
110
119
2027
112
137
3587
126
151
3093
129
143
2077
132
140
1247
134
148
2919
135
140
609
139
157
3210
140
161
3789
141
153
3268
147
160
1883
148
160
1563
151
159
1755
156
162
852
