0
11
1911
1
21
4275
2
16
878
3
5
666
3
25
3281
3
157
39119
4
120
23185
6
16
1412
9
17
1119
10
174
25226
11
24
3011
12
20
1368
17
34
2546
23
30
746
31
54
3246
34
181
15351
38
53
1877
46
57
1065
53
58
1693
54
63
2932
55
70
2835
58
72
1687
63
69
1063
63
144
7195
65
82
1182
65
83
2439
68
81
1733
74
89
2309
75
90
1566
78
83
1196
80
99
4223
80
110
5736
82
109
4979
85
94
1140
91
183
7774
92
114
2716
95
103
1689
96
105
1589
98
113
3006
103
119
3067
121
126
1548
122
135
1861
124
136
1374
126
131
640
129
151
2098
140
159
4603
149
162
2908
149
168
4044
150
164
2729
152
165
3115
154
164
2165
155
167
1278
170
174
1014
172
181
1930
175
184
1521
181
183
340
181
197
2420
182
190
954
183
196
1445
185
193
1136
186
200
2780
188
196
1463
198
199
124
206
210
629
