1
18
4254
1
102
6121
2
43
4611
5
12
1137
5
19
1672
6
17
1866
7
15
611
7
26
2078
7
71
10676
10
27
2879
10
34
1545
11
12
246
11
13
319
12
15
815
15
30
1683
17
26
1177
18
24
1284
20
80
10701
23
31
1782
23
33
1496
24
86
7443
25
40
3133
26
28
543
27
42
1624
29
40
2090
29
97
6153
30
55
5498
31
39
1030
33
41
1543
34
42
1388
34
54
2457
37
45
1997
39
55
1010
41
56
1906
42
94
5424
44
64
3941
44
65
2336
44
75
4103
46
55
1290
47
55
618
47
67
3709
52
53
407
52
58
993
53
56
811
53
74
3964
56
81
3167
56
99
8483
59
68
879
60
76
2026
63
74
1286
64
78
1658
69
74
1231
70
79
1972
70
87
2025
80
91
1079
81
94
2029
82
97
2243
83
92
1192
83
97
3095
84
85
384
85
93
541
88
103
2367
