1
116
12419
3
10
1020
4
94
12102
6
26
1809
14
27
1104
14
96
19415
18
37
2312
19
32
1681
19
35
2895
24
40
4034
26
34
844
28
39
848
28
42
1470
30
53
3885
33
47
1906
38
46
748
44
55
3403
48
56
1140
51
58
1474
51
60
1977
53
60
1167
55
69
1584
58
75
3985
59
78
4792
60
62
266
62
67
1644
62
72
1344
64
71
680
65
82
3001
66
69
560
66
77
2733
68
96
2501
70
71
225
70
76
740
78
82
555
79
90
1209
79
95
1266
79
115
4059
81
104
3204
85
95
1905
88
101
2646
93
114
4875
94
102
1083
94
109
3480
96
117
3093
100
106
627
109
110
190
