1
12
1709
12
25
1682
16
28
3418
16
37
2154
22
42
2696
24
33
998
36
64
3380
39
48
1438
47
55
2452
55
64
2300
57
86
3864
58
75
2648
59
80
4671
67
192
16861
70
81
1003
70
84
2852
76
80
1035
76
235
42331
85
89
733
87
98
2134
88
92
347
99
109
2669
99
115
2177
101
174
5971
115
200
13935
116
133
4790
121
215
8708
130
140
1264
143
146
809
143
154
1473
150
157
614
150
165
2313
155
176
4499
159
172
2826
162
175
2275
165
184
2003
167
183
2565
175
179
467
177
191
3273
187
203
3050
198
220
2031
201
214
1872
208
220
1614
217
230
3131
218
228
1386
220
225
813
222
226
671
226
230
1283
