1
9
991
8
19
1825
9
25
3832
11
24
1557
13
274
18445
17
22
492
17
25
1410
25
49
6186
27
48
3675
29
52
4034
32
42
847
36
237
45233
41
81
7867
44
57
2933
49
64
2746
51
61
2100
66
67
382
78
85
1569
78
88
997
79
106
7350
79
249
34992
80
94
1903
88
100
1558
97
107
1587
98
112
2437
99
104
432
99
106
1299
103
121
1739
105
114
1999
107
114
903
111
124
3098
113
119
1464
116
128
1399
132
156
3040
133
147
3224
142
143
355
152
169
2568
165
182
2467
172
179
1157
181
208
6341
195
214
2134
197
208
897
197
224
4062
198
204
781
200
206
1643
202
223
5165
207
222
4192
214
225
2551
217
229
2905
218
221
919
220
224
775
221
226
1334
229
251
2568
244
249
648
248
255
952
265
272
1527
