2
12
2773
14
188
29636
19
40
2820
31
46
3749
34
43
1476
34
191
27256
43
49
777
48
60
1813
51
72
5804
60
66
1655
72
82
1334
74
91
2783
80
135
9472
86
99
2142
91
100
1939
103
121
4644
109
118
982
113
120
1080
121
131
2036
122
131
1140
125
134
1352
127
142
1871
131
141
1681
132
151
3856
135
145
664
152
174
2388
158
167
1964
159
170
3415
160
162
719
160
165
597
163
167
659
167
190
6371
169
193
3062
170
192
5538
176
184
1844
176
192
4978
177
190
858
178
185
1248
180
191
2622
181
191
1816
187
203
2185
190
209
1651
195
202
1309
201
213
2783
204
223
3357
