0
87
14760
2
9
951
2
11
1580
4
50
7518
7
24
2614
7
29
2974
9
19
2603
14
30
3382
14
31
1069
14
41
3275
15
22
672
15
24
882
15
40
2603
17
21
1219
17
33
2174
17
35
3387
18
26
1402
19
63
5311
22
32
3069
23
28
786
24
37
1646
25
31
736
26
50
4752
27
46
2191
29
32
300
29
34
1423
30
41
2252
32
38
1724
32
47
1803
34
86
5259
35
46
1900
36
40
662
38
57
4471
41
45
525
41
46
1112
41
57
2198
42
55
1566
45
86
6615
49
54
1172
49
57
1660
49
59
2592
51
57
922
51
58
1480
51
67
3428
56
70
1366
57
72
1589
58
73
2794
58
80
2022
59
71
1126
59
83
4527
60
72
1389
61
75
3208
63
71
1413
63
71
943
64
79
2214
64
86
2232
66
75
886
67
74
1748
68
71
394
69
84
1065
78
86
946
