8
14
519
9
159
23469
10
20
1551
12
187
13394
14
24
2217
21
34
2024
22
95
6461
23
29
1297
27
31
708
27
36
1318
27
43
4070
35
51
2056
36
45
910
43
81
4744
44
59
1664
57
69
3067
59
76
1752
60
73
2536
62
74
2524
66
75
1932
67
75
2063
68
86
2674
69
72
582
77
84
725
78
86
1704
78
88
2577
84
94
1243
88
103
2712
89
90
301
90
151
4071
93
111
1897
98
101
586
101
107
776
101
119
2550
105
118
3177
116
120
528
117
123
1604
119
125
475
124
141
1810
125
133
1556
127
138
2002
129
138
2469
140
152
1584
140
153
2481
141
148
669
141
156
2593
142
150
1581
142
155
2369
142
158
3259
142
164
2637
144
155
1561
151
164
2511
160
171
2429
165
175
1157
165
188
2998
171
187
2698
174
184
2399
