0
22
3698
1
26
1883
4
10
1311
5
14
792
7
97
12069
7
107
17084
7
107
11686
10
101
11122
11
24
3175
11
34
5380
14
21
1314
15
26
2220
16
22
1371
16
32
2556
17
23
646
18
26
605
22
37
1899
23
28
565
26
33
1153
27
29
182
27
37
2137
28
35
1289
28
43
2842
32
46
2921
38
44
1063
40
50
1187
42
70
3167
45
51
1669
45
53
1948
45
56
1276
45
62
1541
46
51
640
47
53
1034
47
63
1413
50
77
4046
54
65
1433
54
67
2184
57
64
1232
58
80
5934
60
84
3154
62
75
2368
63
64
324
70
79
743
73
80
851
73
90
1631
74
86
1243
76
97
3996
82
93
1626
82
94
3180
82
103
2078
90
105
1667
93
103
2299
99
103
616
106
107
298
