3
27
4305
5
61
7503
5
111
12371
8
22
2064
8
69
7603
10
24
2924
10
26
2155
10
30
1510
11
31
2731
14
27
881
14
29
2872
14
31
2603
14
79
10254
15
28
3505
16
31
1885
16
31
3250
16
31
3108
21
108
12115
25
36
2634
26
42
2760
30
40
1830
30
51
3178
33
43
878
36
56
4305
39
46
1136
39
54
3649
40
46
1295
41
51
1169
42
67
4894
50
57
739
50
67
1671
51
65
1831
55
72
3572
57
61
1438
57
66
1342
58
82
3571
61
66
1039
61
83
5318
64
79
4239
67
84
3440
68
91
4440
68
93
1781
70
78
1764
71
74
965
75
88
1290
75
90
1804
80
89
782
82
101
2148
85
99
3614
86
102
2330
89
95
1321
89
102
1296
94
104
2217
97
103
720
98
111
3441
99
108
1133
