0
21
3264
0
187
23270
1
25
6877
6
9
397
7
118
7824
8
185
30561
11
22
2553
12
19
1169
14
95
7913
18
33
3429
20
107
22997
23
42
4784
27
46
4349
41
49
1500
41
52
2757
44
48
309
45
49
991
46
52
390
47
55
2391
51
52
328
54
187
34709
60
72
1814
62
77
1624
63
66
833
68
83
1634
71
79
2275
74
94
2955
75
98
5751
77
87
1337
88
100
2156
90
109
3654
100
118
2194
105
121
1988
105
121
2415
106
177
9004
107
120
2851
108
112
1059
108
123
3091
110
119
1969
110
123
885
115
128
2038
124
130
858
135
138
1009
136
145
931
139
161
5963
140
155
3787
141
149
757
143
157
3267
146
160
1459
151
178
4169
162
168
526
164
180
1740
167
187
4398
168
175
1021
170
174
671
170
196
1928
171
181
2656
177
187
1326
181
190
1190
