3
23
3586
3
166
31137
4
152
16205
6
142
17879
10
21
630
13
40
6330
18
23
854
25
139
10669
26
50
4934
29
169
14285
37
46
515
37
47
1299
38
61
2510
39
43
663
46
57
2265
46
62
2847
46
62
1699
52
66
3009
55
67
1955
60
76
2079
61
68
675
67
84
2361
75
85
895
78
96
1048
80
95
2785
81
92
1697
82
101
3696
89
110
2284
92
102
1556
100
109
879
105
120
2678
106
113
1961
108
131
2691
110
124
3263
112
140
2260
115
134
3849
116
135
4755
121
131
2293
127
135
706
128
143
3756
132
145
1614
133
139
899
134
148
1400
135
145
2186
141
145
362
144
163
1283
146
165
2017
147
156
1356
150
156
1454
153
160
1057
161
163
212
