0
234
23817
3
202
58615
4
12
700
5
29
2621
7
170
41047
8
18
1443
8
35
4664
9
96
13987
14
206
28575
16
21
668
18
128
22689
20
201
19387
37
55
2043
39
49
1514
41
49
1231
50
60
3051
54
63
845
62
140
18665
63
75
2629
65
85
6109
70
80
1233
70
216
19149
73
111
4030
83
89
770
92
114
3511
95
108
1859
100
119
2780
104
154
6540
106
116
994
113
125
3209
133
146
3736
138
164
4348
141
204
10751
148
156
883
148
163
2432
159
199
6020
162
164
748
171
180
1872
179
190
1349
181
189
1090
183
193
1659
187
210
1764
192
198
1004
201
205
915
201
220
1565
207
213
1662
211
231
2885
