0
15
1706
3
16
3318
3
91
15804
3
127
31692
4
111
10523
6
11
1065
7
117
15587
8
21
1261
9
14
525
11
27
1524
11
101
10102
15
24
1186
15
42
4906
21
28
2008
31
36
836
32
39
1638
36
51
2393
42
59
3372
42
89
5144
46
63
1694
47
128
12051
50
63
1705
50
67
1261
53
64
1233
54
56
285
54
60
1135
55
78
6208
58
66
550
60
67
1684
60
76
2429
61
70
1271
62
77
2754
71
85
1766
71
114
12105
72
81
973
72
88
4442
74
96
2530
78
85
1481
78
86
1504
78
91
1533
79
98
2537
80
105
1951
81
87
602
82
95
1387
84
92
1294
93
104
1206
95
109
3710
103
125
5205
108
120
1994
112
114
414
112
120
1948
112
127
2531
