1
6
940
1
13
917
1
19
1078
1
19
4463
2
13
1501
3
19
3236
3
20
3352
3
25
5980
4
24
2877
6
58
5291
8
79
9678
9
27
3302
12
23
2447
13
35
2841
17
32
1970
17
69
5952
20
33
1243
20
39
5257
22
36
1972
23
82
8934
25
28
415
25
33
1740
26
41
2072
26
43
1789
27
39
1162
29
37
1760
32
45
2006
37
61
2539
39
49
1008
40
44
537
43
60
2528
45
56
1923
48
57
2365
48
61
1499
48
62
1176
49
71
4237
50
55
783
50
71
3231
52
76
6457
54
68
4024
56
68
2315
56
70
2587
57
68
1503
57
68
2121
59
77
1846
60
70
2521
63
81
2525
65
78
1286
68
77
1524
70
80
1039
76
82
1305
