1
24
2898
1
63
7899
2
10
642
3
13
982
3
63
8975
4
19
1881
5
13
1305
5
20
3247
5
22
4549
5
24
2816
6
14
1330
6
25
2671
7
25
3824
8
28
2585
9
31
2552
10
16
1779
12
59
6767
13
18
1365
13
27
2816
14
21
1103
14
32
4562
15
30
4304
17
34
2534
18
23
571
19
31
747
20
37
3738
21
29
738
22
39
4320
23
41
1191
24
32
2214
26
64
6683
27
37
1764
27
61
3030
28
40
1299
29
40
1394
30
42
1359
30
51
2308
31
55
1692
32
39
1007
32
43
1265
32
57
4217
32
66
9635
33
39
1627
33
58
4360
34
40
474
35
56
2525
36
53
3555
36
59
3484
38
49
1705
38
58
3575
39
44
449
39
50
1338
41
56
4144
44
61
2983
45
58
1309
46
60
3177
50
56
1027
50
62
1581
50
66
4627
56
59
622
