0
8
808
0
9
1520
0
10
2093
1
19
5042
3
4
320
3
11
1628
3
15
1557
3
21
3200
3
23
3534
4
20
4437
4
44
3731
6
22
2091
6
26
3035
8
17
1895
9
13
779
10
20
1114
10
21
2229
10
29
4374
10
31
2074
10
35
2561
11
27
1296
12
20
1037
12
23
2202
12
23
1681
13
23
1198
14
20
1054
14
37
4622
15
31
2921
16
23
816
16
25
2229
16
25
1954
18
29
958
19
29
1764
21
25
844
22
30
1902
22
33
1720
22
33
1078
23
34
3538
23
46
3575
24
34
1273
25
35
2366
28
46
2124
29
39
1570
30
46
1518
31
32
378
33
42
892
37
47
1237
40
41
289
