0
21
2946
0
45
7501
0
76
17343
1
17
4232
1
70
15959
2
25
3482
3
7
885
4
78
20417
5
13
946
6
16
1066
6
18
1196
6
25
1607
7
67
9313
10
20
2264
10
21
1472
10
79
12273
11
13
400
12
26
2512
13
45
8777
14
35
2036
14
71
14051
16
30
2310
17
37
4897
18
64
4902
19
35
1289
20
25
573
23
27
509
23
41
3197
25
34
900
26
35
1382
26
41
2165
27
42
2206
29
37
875
29
70
4789
30
37
594
30
38
1498
30
40
1630
32
46
1291
35
45
2549
36
62
3373
37
43
684
37
47
3072
39
50
1137
40
49
904
42
61
2107
43
47
725
45
69
3935
46
48
299
47
52
1640
47
62
4156
48
54
1390
48
58
1902
49
65
1387
49
66
1938
51
58
1172
52
65
1037
54
70
3973
57
75
1849
59
66
504
61
68
1560
61
70
1609
61
72
2098
64
73
1954
68
71
944
