0
8
1103
0
50
7585
1
8
1487
1
13
1680
2
11
1621
2
11
1138
3
16
3660
5
17
2364
6
19
2878
8
27
3314
8
31
4477
8
46
4894
9
18
1567
10
29
1882
10
30
2855
11
15
389
11
24
2045
12
19
629
13
19
716
15
40
2441
16
29
2120
17
21
1130
18
24
1156
18
30
1145
19
38
1736
20
30
897
21
35
3046
22
35
3521
22
37
3019
26
39
2361
26
48
2055
27
43
2187
28
39
2357
28
45
3069
28
49
3689
30
36
1461
31
43
2878
31
45
1077
33
41
2084
33
41
1810
33
42
1251
33
44
1407
34
41
2106
34
41
888
37
42
1222
37
48
1498
37
50
1167
38
45
891
38
49
2974
40
50
1210
42
50
1028
