7
310
35537
15
548
47677
19
29
1318
19
41
5376
33
43
1445
43
64
3075
47
59
1506
50
60
2534
65
319
36217
74
89
1112
76
103
3466
83
102
3431
85
105
2679
91
455
39600
95
110
2651
99
312
18549
119
131
1855
127
136
931
149
152
361
152
163
1748
181
192
1471
188
196
913
201
211
1524
206
332
33302
219
228
918
222
238
1502
233
236
290
241
256
4291
254
263
933
261
279
2534
265
275
1400
272
284
2896
284
299
1901
301
307
1636
305
314
1959
341
349
1039
354
371
3168
363
384
2695
379
395
2549
385
401
2225
390
413
4009
393
418
3120
394
404
1359
395
399
579
399
412
1590
407
432
1949
413
509
16402
421
442
2753
449
462
1203
456
475
2539
462
464
421
482
493
1544
500
514
2133
541
551
1788
545
565
4927
547
562
2902
550
566
3608
