1
10
1485
1
12
1971
2
15
974
6
16
1438
7
12
505
8
22
2039
9
19
914
10
20
2168
13
20
955
13
24
1133
18
70
11645
19
32
1597
19
46
6840
21
24
831
21
35
2885
23
42
3053
24
41
1835
26
43
4136
27
144
28476
30
39
1778
30
43
2703
36
43
776
36
50
2434
38
63
2502
40
46
810
40
48
1999
40
53
1589
41
51
1596
42
51
925
44
51
1935
44
53
1088
45
64
2401
46
67
4779
48
57
1529
54
91
8499
57
75
1822
59
73
2263
65
71
1322
66
85
2223
69
72
875
70
71
412
75
86
1466
86
96
1178
89
111
3288
91
104
1531
94
114
2686
101
111
1677
104
117
1554
105
110
788
107
120
2611
113
115
420
116
141
4105
118
138
2898
119
133
3171
120
130
2322
122
133
1898
128
134
1214
129
148
2464
133
136
565
137
149
2642
141
148
1106
143
150
1214
