1
185
24979
2
15
3239
2
18
2294
2
36
5328
4
14
2008
4
27
3481
7
21
1845
9
176
28489
18
114
11279
19
162
14285
20
36
1608
25
49
2890
26
45
3963
29
50
2501
30
99
10911
35
59
4401
37
42
866
39
54
4046
46
54
568
54
77
1839
61
102
10052
63
80
1877
63
83
2820
65
72
922
67
75
1559
70
79
1429
76
183
20837
77
91
1869
79
93
2949
81
86
827
82
90
898
82
94
1015
83
84
218
84
95
1783
86
104
2323
89
98
1602
89
101
1405
94
107
1976
106
115
910
112
135
2686
117
127
1744
120
124
792
123
135
1065
128
152
5910
132
143
1414
135
145
2422
135
146
2470
135
150
2099
139
152
2298
141
150
2050
145
162
2110
155
167
2537
166
173
1722
167
183
1896
167
185
2544
172
174
618
