11
154
22527
24
409
34463
40
103
8714
43
53
946
44
59
1681
45
52
1131
50
58
1142
61
68
1482
62
73
1306
79
94
1460
84
93
1066
93
101
2306
99
133
1970
100
109
1610
111
383
44689
112
122
838
123
144
2658
124
132
1013
143
154
1761
158
176
2421
160
162
356
160
168
918
168
457
23254
171
175
617
176
187
1187
176
192
1606
176
202
6633
182
196
2796
182
521
28236
203
495
51268
236
245
1033
238
253
2076
241
255
2396
247
261
2488
260
262
462
280
295
2204
298
317
2389
321
339
3960
336
341
955
346
363
3802
348
365
1476
348
376
3355
369
390
3896
370
382
2794
371
374
592
390
396
963
404
410
1630
432
442
1630
450
463
1697
455
468
1461
458
479
4603
465
476
1754
493
500
1884
504
521
2221
511
521
2108
517
527
1768
