9
10
230
10
36
2583
11
31
3159
21
33
1568
23
24
518
23
119
11570
33
48
4336
43
55
2304
43
60
2055
50
66
2771
51
72
4023
57
65
805
71
77
1184
76
184
8198
91
100
2570
92
103
1206
93
101
1338
99
116
1856
99
243
28609
100
109
2113
104
114
1155
110
126
2628
111
120
2048
120
128
1503
122
135
1952
128
148
1816
129
137
1907
129
145
4569
132
136
1310
132
146
3872
141
158
2329
165
186
3828
170
236
10604
176
183
1060
177
188
721
178
193
2259
181
205
5669
183
193
2122
190
206
1754
194
214
4660
200
222
2165
202
210
982
202
272
13098
209
216
649
224
225
403
229
237
2544
246
258
1401
247
252
1059
247
265
1733
249
265
2206
249
271
2300
255
258
631
255
265
2376
261
271
2351
265
271
912
268
287
3559
271
288
1410
279
288
1498
288
294
978
