0
8
2569
0
23
3466
1
12
1232
2
83
20621
2
96
15633
3
64
10023
5
25
2597
7
19
3191
8
10
416
13
25
829
13
28
3960
13
29
2763
16
95
11462
20
38
2546
21
40
2126
22
36
2843
24
38
3030
25
40
2590
26
36
1360
26
65
6987
28
42
3533
28
49
3170
30
51
5100
31
42
879
31
47
1758
32
43
1336
35
47
1671
35
56
6060
36
46
1540
37
45
791
42
45
392
44
56
2428
46
56
1715
46
64
2989
48
62
3465
48
63
1999
49
51
532
49
57
616
50
86
3413
54
69
2026
55
68
1628
55
69
1324
57
65
608
58
78
3137
59
66
1860
61
80
1585
61
82
4809
65
73
1988
66
75
2924
66
86
3944
67
77
773
68
77
1202
69
83
1884
70
79
1124
70
85
3840
78
86
1177
83
94
1426
89
96
1359
