3
26
4095
3
68
14931
4
19
1465
4
26
4567
8
11
754
11
20
1166
12
30
2584
14
32
4440
14
62
2948
15
69
6056
16
33
2479
17
37
2500
17
39
1496
18
35
2475
19
28
1545
20
26
820
22
43
3107
25
39
4129
25
42
2830
26
36
1413
31
44
2417
31
52
2407
32
44
1814
33
35
367
34
54
4432
34
58
2137
37
44
1174
37
60
2531
39
54
2424
41
52
1281
41
62
2851
42
44
323
42
52
1391
43
61
2102
43
62
2926
44
60
1602
44
61
1905
45
65
4414
47
49
488
48
52
549
50
58
2278
50
60
1422
51
52
334
51
61
2057
51
69
3174
54
59
379
55
62
1083
60
72
1427
61
71
2388
61
72
2000
63
66
310
63
68
1247
66
74
1876
