1
18
4298
23
30
1167
23
37
1193
39
343
61742
39
378
65584
48
64
2030
55
63
1271
72
74
475
85
96
2003
90
105
3940
96
106
1618
114
119
1378
114
134
2858
132
142
1598
159
162
804
162
178
3161
174
366
33586
182
192
1556
185
202
2092
186
210
6476
209
220
1563
213
215
250
217
235
3427
226
233
1183
247
265
1893
251
264
2054
254
269
3984
257
268
1216
267
284
2309
272
274
514
275
289
2950
307
316
1453
331
338
793
353
372
4730
361
373
2062
368
381
1508
386
395
2232
393
403
1086
396
415
3156
401
411
1931
404
418
2972
411
418
1090
