28
37
853
29
36
1489
34
44
1583
52
168
10565
64
72
941
67
359
17255
72
88
2247
80
167
20456
82
97
2292
85
96
1408
92
383
26263
94
107
2106
95
104
1262
95
116
2536
109
389
74470
125
392
37287
127
141
2109
128
143
1863
129
144
1155
138
158
4270
147
156
1621
151
415
39441
152
399
24390
167
173
1392
172
183
1823
181
189
2086
183
192
1379
204
216
2137
212
235
2638
216
242
3023
236
252
2549
288
305
2868
297
303
1335
308
326
4871
318
323
966
349
368
2059
351
364
2203
354
359
442
377
398
2657
382
401
3132
399
409
2854
413
424
1335
415
425
2643
