0
26
6783
22
35
875
43
240
34356
43
500
53588
54
64
1607
58
381
56843
69
74
587
73
95
4157
78
510
43227
85
108
6447
90
97
1553
102
109
1161
108
123
2957
110
124
3770
116
124
1005
117
124
767
134
159
5805
135
154
1805
174
336
14186
184
192
1634
193
206
1632
198
209
1173
210
486
31252
211
226
4221
214
219
979
217
240
3599
219
233
2153
223
237
1816
224
233
2973
239
255
3997
242
519
52255
247
251
593
249
259
2247
291
352
7174
294
300
520
316
326
732
316
344
7113
330
337
831
338
345
1778
345
353
920
355
367
1314
355
379
4351
360
378
2925
384
400
1890
416
439
3289
434
450
3460
446
456
1253
453
474
3615
473
486
878
493
503
1178
493
507
3198
499
502
415
