0
10
2280
1
4
875
3
21
1319
4
21
1847
4
25
2662
5
69
13260
8
18
1005
9
35
3719
9
87
16493
10
33
3041
19
44
5745
21
37
4342
22
37
2930
22
38
4485
23
28
513
34
44
1141
36
54
1996
36
59
3276
39
50
2440
41
65
2673
42
54
814
42
69
2451
43
58
1738
44
55
961
44
60
2225
45
51
1620
48
62
4259
53
65
2211
53
73
2486
56
73
3532
56
74
3675
57
76
3823
58
61
452
58
70
1138
58
79
3235
60
64
705
63
83
1883
64
79
1301
67
83
3164
68
76
1633
68
78
1573
69
83
2420
70
87
2052
75
81
624
78
90
1928
79
99
3812
80
86
1885
80
89
1468
83
99
3175
85
108
3757
91
101
871
91
104
1028
94
110
2878
95
108
1124
95
109
2337
95
110
3133
98
108
2924
100
116
3484
102
112
2808
103
115
1145
