0
158
15262
1
79
11083
9
18
1956
9
85
21338
9
159
20416
10
22
2703
10
143
17835
11
30
2809
11
118
23425
12
99
9421
13
15
377
17
24
1304
18
28
1205
22
43
2715
23
35
3186
31
46
3317
33
38
998
33
49
2507
34
58
4537
35
44
1033
39
42
456
42
124
7651
45
66
3988
48
69
1282
49
55
1757
49
56
726
50
52
770
55
130
5184
60
74
1009
63
158
21169
67
89
2686
69
86
1818
71
75
721
72
91
3235
73
82
931
76
96
4648
79
94
3051
80
92
1885
83
156
12230
84
94
956
95
104
1483
100
116
3029
101
110
2017
102
120
2201
102
120
3790
104
116
1928
105
113
1353
107
116
1461
108
118
1177
110
130
2052
115
135
1588
116
118
599
118
126
950
122
133
1989
123
126
302
124
128
533
124
146
1701
125
147
3588
131
144
1754
133
138
846
133
149
3794
139
158
4926
140
143
549
145
147
379
