1
13
1308
1
14
1108
2
57
13228
5
24
4077
9
16
1137
9
18
834
12
18
1005
12
32
2270
16
24
962
19
43
4577
20
30
3052
24
40
3148
26
50
4024
27
35
546
28
34
1723
28
38
950
29
42
1448
29
50
2568
31
44
2270
31
57
2194
33
40
623
33
50
2016
37
48
1256
37
51
1476
37
56
4989
38
53
2451
39
66
6801
40
79
9032
41
48
2163
41
50
1356
42
57
3718
42
58
1800
43
61
2557
44
58
2592
44
75
3191
49
52
359
50
58
1600
52
62
2057
53
57
712
55
70
1620
56
64
2253
56
76
4668
57
71
1002
59
66
1013
60
71
822
67
88
2556
69
76
1325
69
91
2506
70
80
2006
72
80
673
74
79
925
76
79
551
78
80
363
79
88
1303
81
82
500
