0
6
912
0
12
1064
2
8
816
2
8
958
2
11
1654
3
10
1389
3
23
4904
4
12
1506
4
13
2270
5
22
1264
6
16
912
6
19
3418
7
18
2107
7
25
1232
7
31
2721
8
16
1420
8
27
5652
9
24
2304
10
21
1754
13
17
403
13
35
2722
14
23
1295
14
30
3342
14
31
4662
16
23
1173
18
30
2716
19
31
2739
20
39
3540
22
28
1299
22
28
1371
23
30
655
23
38
2855
24
37
818
25
28
435
27
42
2808
30
37
1118
30
37
1828
31
49
1923
32
53
2592
33
43
1489
33
54
2346
34
46
1891
34
51
1819
34
54
4165
36
43
624
38
44
1481
39
42
1100
43
48
432
43
49
1002
