0
9
1215
0
28
2582
0
68
12707
0
76
12694
3
61
6949
4
18
1390
4
19
2293
5
8
303
5
28
4440
6
79
7880
9
27
1959
10
13
543
10
17
1654
11
37
3004
13
37
3191
14
34
3095
15
18
806
17
25
1709
17
27
1177
18
42
3997
20
23
459
20
71
13193
22
46
3707
24
36
918
24
40
4262
24
47
3276
26
40
1187
30
37
1746
32
48
3149
33
42
1108
33
46
1491
35
52
4572
36
52
3520
37
63
2439
37
63
6060
38
54
2532
38
55
3081
39
52
1211
41
47
483
42
45
882
42
52
2600
42
54
2673
45
50
622
45
61
1419
46
61
1550
49
59
1525
51
69
5152
55
62
1110
55
66
2422
56
63
871
59
77
4337
60
64
497
62
75
1395
64
76
1768
68
71
946
68
77
1340
