0
4
601
0
9
1022
2
94
11877
5
19
1873
6
100
9855
7
151
24258
8
129
19098
11
26
2208
11
32
2170
19
20
235
21
23
417
24
35
2052
25
40
1151
25
43
2670
27
28
242
30
51
3611
30
127
12518
33
47
1498
35
47
1827
36
142
7409
37
52
3162
37
56
2294
40
59
3525
44
57
3196
45
57
1547
46
61
2893
47
56
1380
49
108
13056
50
56
1501
51
57
1250
54
59
506
66
72
539
69
83
3166
70
82
2421
72
80
1119
73
90
1833
75
96
3117
78
85
989
81
101
3278
81
101
4833
84
96
1826
85
99
1209
90
97
1179
91
102
1296
96
116
5650
97
117
2944
97
118
4685
100
106
696
106
119
2740
106
126
4042
109
115
1038
109
119
901
111
130
3010
115
123
1159
118
121
337
118
135
1430
123
133
2398
134
140
848
134
143
1484
139
145
1412
139
145
1308
