2
114
11093
4
14
1051
5
12
493
7
72
11569
8
18
1866
10
19
2061
10
113
22512
12
19
619
13
28
2079
13
32
3026
16
21
937
18
91
14417
23
39
1347
24
35
3343
24
39
1856
24
43
3730
29
51
2050
32
42
1903
33
49
2893
33
54
2045
35
45
2459
36
46
2138
36
58
2306
37
47
1994
37
50
2871
38
45
1124
38
48
2247
38
58
1240
42
46
960
44
57
1999
49
60
2094
49
60
2050
49
67
2853
52
60
1868
54
61
1540
55
58
519
59
67
1516
60
65
369
62
73
1948
63
69
492
64
83
3198
65
85
5935
67
70
462
69
94
4901
70
93
2929
73
82
1322
75
86
2806
76
120
2924
78
86
1114
78
96
1623
80
90
2506
80
92
2714
80
97
2406
87
105
2393
89
112
3313
92
99
1906
96
106
1092
100
119
2383
104
112
992
105
114
994
106
117
1541
120
122
556
