1
15
3767
1
21
3343
2
78
6589
3
17
2819
3
19
4250
3
51
8440
4
67
8854
6
19
1669
6
20
1732
7
14
1560
7
18
1231
7
73
9390
11
41
7749
14
71
11578
15
26
1379
19
30
1233
20
33
1266
22
26
738
22
29
1010
24
32
1205
24
76
4819
26
41
2275
32
41
959
32
51
3900
33
58
4267
36
40
584
36
57
4508
38
44
1833
40
50
1801
43
56
1313
43
57
1607
44
52
854
46
51
1476
46
52
801
46
63
2036
48
63
2581
49
67
1809
53
64
1984
53
67
1959
55
77
2237
56
61
984
58
67
979
60
70
1252
61
66
350
61
70
955
61
71
2187
62
69
1291
68
69
582
