3
5
392
4
261
39081
5
20
1943
8
20
2605
14
24
2040
21
35
2287
23
35
2887
24
28
710
26
36
1472
27
31
506
45
55
1176
50
61
1540
52
56
755
64
149
9373
66
75
1445
71
84
3600
78
85
1660
85
105
3749
89
113
2470
94
113
3862
95
103
886
103
110
742
103
117
2665
105
125
3221
107
130
2297
110
117
1403
113
131
1739
114
124
2116
116
119
399
117
120
657
118
129
1451
122
140
3056
122
145
4487
126
148
4519
129
146
1741
134
143
2117
136
233
19568
143
155
2015
153
163
1245
158
178
4678
160
167
895
166
174
1100
177
182
624
181
192
1928
200
212
1842
201
213
908
205
211
806
214
235
1507
236
248
1340
236
250
2186
251
262
1432
251
269
2179
253
276
4592
255
275
3792
256
263
533
262
281
2436
270
275
523
