0
5
445
2
3
173
2
9
650
2
12
2867
2
23
4672
2
62
15662
3
25
4619
6
14
984
8
58
9977
9
10
358
9
22
2721
9
25
2896
9
52
8550
11
19
1033
11
40
2336
14
17
684
15
23
1810
15
32
4364
19
29
959
19
45
7429
20
25
605
20
49
3355
21
37
3358
21
49
3688
28
35
1972
28
41
2486
30
44
1700
33
34
251
33
56
4607
35
43
1442
36
42
1122
38
42
862
40
54
1902
41
46
995
41
55
1875
44
56
2176
45
59
2803
45
66
4450
47
55
1258
47
60
2091
49
54
951
49
55
1773
49
65
2291
54
66
1689
55
67
3143
55
72
2760
58
67
1389
59
65
1205
60
62
320
60
63
441
64
70
1414
64
72
2077
