0
20
1469
1
4
352
2
20
1652
4
12
847
5
23
3936
5
24
1906
10
68
4225
17
33
2347
23
32
1743
25
38
1959
27
33
947
28
30
538
28
67
5890
29
109
7209
32
45
2877
32
47
2114
32
47
3749
33
45
977
33
51
2403
35
40
924
36
45
1217
37
42
1054
38
109
8042
45
64
3062
50
68
1611
54
66
1762
59
62
524
62
124
7194
66
77
821
67
82
3232
68
88
1239
69
90
2638
74
75
215
75
85
1451
76
81
856
77
94
4104
82
94
2116
85
98
2225
95
104
1184
96
118
3632
97
108
1839
97
116
4464
102
123
1354
103
106
784
105
118
1222
106
118
1170
107
114
1249
109
113
1167
112
118
542
117
125
2534
117
126
800
