0
15
2637
0
36
4900
3
14
2295
3
59
11836
4
21
1879
6
47
11607
7
10
400
7
26
2060
8
18
1312
8
45
5207
8
71
10237
10
21
2869
12
28
1644
14
25
1681
14
36
4814
15
40
2868
16
23
956
16
30
2688
16
64
11809
17
25
872
17
36
1855
19
33
1684
19
36
3210
20
27
1139
20
31
1293
21
34
2197
21
36
2800
21
61
8918
22
37
2516
22
38
2382
23
38
3181
23
43
3580
23
63
7607
25
50
1869
29
42
2109
30
39
1629
33
47
3790
36
54
2297
38
52
842
38
55
3063
41
49
1487
41
54
1752
41
58
1625
50
67
2277
50
67
2390
51
72
4350
55
68
1523
56
66
2338
56
70
1450
57
58
215
58
69
2322
62
65
797
63
69
891
65
73
1696
