0
41
7104
1
12
1275
2
10
1100
3
9
1101
3
22
2918
5
14
1033
7
15
1846
8
20
2202
8
31
5975
8
78
17425
9
12
910
9
81
12633
12
35
2522
13
24
2923
13
30
3921
15
76
3552
15
79
11591
16
20
665
17
23
1333
17
24
938
17
33
2675
17
33
3924
17
39
2016
19
39
1666
26
31
823
26
39
2239
30
39
1126
33
54
1931
33
54
3650
36
56
3694
36
62
2674
37
51
1465
40
50
1879
40
56
1499
41
50
1614
41
56
1603
42
69
5985
43
69
4039
44
56
3367
45
53
1324
45
57
2452
50
61
3451
51
69
2053
51
76
4135
52
77
4981
53
60
968
55
69
2138
56
65
2818
57
71
2753
58
68
1129
58
69
2014
66
75
657
66
78
980
66
80
3604
67
78
2850
67
83
1480
70
76
1166
70
81
3173
73
82
1870
