0
66
3730
1
14
2851
5
17
1962
5
22
1950
5
77
9388
7
20
1876
9
69
6308
10
13
1036
10
18
942
11
19
1439
13
23
886
15
32
3007
17
25
829
17
43
6483
18
20
228
18
25
647
19
35
2445
20
27
1083
20
28
2261
21
75
4166
25
27
484
25
47
3457
26
47
1569
28
36
897
28
44
1774
29
42
1488
29
49
2957
30
41
1195
31
45
3270
31
47
2588
31
49
3135
32
51
4094
33
40
1478
33
45
2312
33
48
2401
33
54
4567
34
51
4572
35
44
1825
37
51
2113
39
42
862
41
44
915
43
58
1070
44
54
1515
45
47
553
46
51
1745
47
57
1906
47
58
2810
47
60
2044
50
63
1933
51
63
1613
52
77
2820
53
71
3839
54
63
1817
54
66
906
55
75
1997
58
65
2180
59
68
1687
62
67
470
64
66
403
64
76
3292
66
72
1094
72
77
674
