11
22
766
18
29
2282
19
40
3400
20
42
5597
20
492
73664
25
37
2736
25
442
36219
42
54
2304
52
57
701
64
117
8833
74
92
2206
86
106
3295
87
109
3327
89
98
1755
93
102
2325
97
101
534
105
116
1103
117
129
1681
119
131
1909
146
154
1358
163
179
2554
171
178
1488
173
631
56849
184
208
4183
194
507
53135
233
245
2902
242
257
3291
258
265
1009
260
339
21512
262
540
53761
294
310
3353
307
633
38681
314
327
1192
321
344
1989
332
340
806
342
346
448
344
362
3604
353
369
1599
357
363
647
362
385
2110
386
408
4809
402
409
1755
403
419
4530
419
436
2030
424
432
1892
435
454
2109
454
469
2135
510
520
2020
516
525
785
518
532
2162
521
528
923
538
614
12680
539
546
2180
558
578
1487
566
571
1145
574
590
2763
577
630
7434
582
598
2202
589
605
2009
610
622
2433
613
619
1169
617
625
1115
619
628
1602
619
630
2176
