5
15
1433
8
30
2990
11
17
1575
23
45
4123
34
42
760
48
56
1703
52
53
279
52
60
564
62
129
6714
70
86
1332
72
86
1251
74
90
2226
91
98
763
124
130
1744
124
183
11523
142
164
3175
159
163
1268
164
166
295
168
189
3291
177
192
2545
180
198
1628
183
196
2229
185
203
5169
204
223
2865
226
246
2113
242
257
1280
243
253
2587
256
261
568
266
287
3762
283
296
1183
316
331
4385
319
325
1444
323
329
1164
333
353
2017
346
350
1261
354
366
2042
359
370
1902
361
375
2205
362
374
3635
401
417
4287
417
440
4522
418
437
1987
437
441
1153
441
449
2047
450
455
563
453
468
2094
462
473
2878
476
479
815
