0
13
1108
0
66
11702
0
67
7819
1
6
870
1
16
1751
2
7
780
4
21
3134
4
26
3457
5
15
2375
5
47
5939
7
20
1646
7
24
1586
8
30
4025
8
66
13473
9
23
2316
10
21
1171
10
26
3774
11
19
2064
12
18
586
12
43
8440
13
17
456
14
20
860
15
28
1197
16
28
3474
16
39
3920
17
28
2274
18
41
6826
19
33
1626
20
31
999
21
28
1718
21
34
1511
21
35
3500
21
45
3305
23
25
537
23
32
1096
24
34
1277
25
38
2101
27
37
1408
27
44
2177
28
35
794
28
43
2357
29
33
864
29
48
5430
29
52
2109
32
37
740
33
38
927
33
51
4097
33
57
5409
35
44
1329
37
56
2510
37
61
4559
39
44
405
40
44
381
40
48
1711
40
53
3244
41
48
1100
45
68
3393
48
60
1243
50
53
771
52
68
2832
53
59
853
56
66
1362
