0
89
12158
3
10
941
3
21
3726
4
11
1867
4
15
1137
7
13
568
7
89
5960
8
31
2230
8
84
9821
9
13
1273
9
68
9942
14
36
3220
17
37
4013
19
28
1216
19
30
2293
20
38
2013
21
36
1430
21
74
7872
24
37
2605
24
42
3845
24
45
1936
24
46
5925
27
38
1555
28
48
2021
29
33
908
30
63
5805
33
40
1555
34
41
1157
34
89
10592
36
87
5289
38
58
2375
40
45
1560
41
66
5475
43
85
4190
46
53
1248
47
55
1120
48
56
1238
48
63
3102
50
65
3605
52
59
751
53
69
1645
58
70
1989
59
63
543
59
73
3021
60
70
2682
60
73
3194
62
66
1091
63
66
743
65
75
1820
66
76
1887
69
84
3532
71
72
282
73
79
1137
79
81
363
