0
1
275
0
19
1868
2
16
1426
2
20
3310
3
11
1068
3
19
1707
4
21
3081
4
51
10522
5
27
1918
5
38
7681
8
16
1098
8
22
1220
9
21
2645
10
16
928
12
21
1190
12
31
2488
12
36
1889
13
15
303
13
15
261
13
17
1135
13
39
3543
13
44
5281
14
22
815
15
32
2958
16
42
3427
17
34
3868
19
41
3540
20
32
1510
21
26
895
21
30
911
21
31
749
22
28
739
23
30
1047
23
30
681
24
27
896
24
50
7119
26
31
658
27
37
1227
27
41
1242
28
35
1693
28
46
2028
28
46
1770
28
48
1653
31
41
1495
33
43
1833
34
50
1970
39
52
2818
40
46
508
41
45
426
45
50
1086
45
52
716
48
50
552
49
50
263
