0
8
1138
8
21
1895
18
26
934
24
33
1600
30
582
102752
36
43
1992
41
292
69490
42
47
614
42
60
3210
55
76
3282
64
86
2233
65
458
83075
71
82
1458
99
115
1356
116
510
40112
144
168
3030
152
161
1256
154
174
2629
168
409
61660
175
186
1239
185
194
855
187
195
1368
187
196
949
234
238
622
240
254
2811
255
266
1102
258
264
1100
262
273
1592
262
285
5348
276
288
3103
280
295
2671
302
314
2194
307
322
1614
317
326
1761
332
340
747
346
353
612
350
361
2916
357
375
2176
387
415
5151
418
424
881
428
429
547
434
451
1932
438
452
2893
446
453
1473
457
474
2017
460
484
2109
464
478
1659
468
481
1621
469
477
1956
480
486
893
488
498
1581
499
517
2569
527
537
2350
530
548
2357
541
558
2467
551
571
5799
565
576
1325
568
588
5747
581
596
1973
596
607
2198
601
619
4314
602
619
1522
