0
16
3411
0
68
4113
5
14
1086
5
92
20264
6
15
1018
7
32
3405
8
20
937
10
111
18683
12
19
837
12
19
1617
13
20
1564
13
28
2121
14
107
8612
15
21
840
15
21
1678
16
25
2412
16
35
1831
17
33
3523
17
90
6196
20
40
1389
21
56
4143
29
38
1768
29
43
2315
32
44
1751
35
47
1731
42
56
1717
46
70
6299
46
72
5462
47
55
1380
48
66
4091
53
78
3383
54
72
1545
55
57
416
55
64
1334
56
76
2450
57
66
1472
57
78
2543
59
72
2296
63
72
1439
64
84
2416
67
90
1967
73
79
610
74
89
4263
78
86
1272
83
91
2197
84
93
673
86
110
2003
87
113
5322
88
93
1313
90
101
1971
92
104
941
92
107
2296
92
111
3046
99
112
3018
101
113
993
103
105
351
108
113
845
