0
55
13722
0
61
6714
1
13
997
1
21
5925
2
12
2182
2
25
4747
2
62
8508
3
11
2236
3
26
3818
5
19
3466
6
14
746
7
9
339
7
15
1804
9
14
515
9
19
1354
9
23
1483
14
24
1794
14
34
4177
16
25
2350
18
30
1115
18
34
3041
19
22
388
19
57
3821
20
29
687
20
42
3338
21
42
3612
22
35
2459
23
38
3681
24
40
2048
24
49
4994
26
36
779
26
36
1491
28
35
520
29
32
990
29
48
2797
30
32
459
31
37
1140
31
40
2414
32
40
606
33
52
2685
36
46
610
37
50
1434
37
57
1769
38
51
2991
39
42
906
39
42
859
40
56
2892
41
51
841
43
59
3346
44
52
1617
48
58
768
48
63
1372
49
63
820
51
62
1384
56
60
478
56
63
1236
57
62
576
