1
12
1295
4
30
3593
5
10
754
5
14
2157
5
15
888
7
43
8760
7
59
11106
9
20
1792
9
33
4248
10
26
1157
11
22
2563
12
22
1549
12
34
2041
13
18
1375
15
26
2261
15
32
3638
17
30
1496
18
22
867
19
37
1469
22
28
1849
22
37
1080
22
45
4764
23
30
2331
24
33
1349
25
33
1718
25
37
1113
25
42
2861
26
38
1409
26
44
1340
29
44
2815
29
44
2174
30
43
2275
30
44
2572
31
41
1095
32
36
674
32
37
1676
32
39
690
32
51
3721
34
48
1455
36
46
2109
37
52
2883
38
57
2687
39
50
2127
39
57
3830
40
50
2647
40
53
4033
40
58
4294
41
46
590
41
53
987
43
53
1336
44
54
1249
44
58
1886
44
59
1615
46
58
2898
49
61
1183
57
60
890
