2
16
3204
15
20
739
17
23
2077
19
21
448
21
494
59274
22
23
519
29
441
48994
43
52
1728
59
70
1106
77
93
3221
79
102
4466
80
92
1336
82
99
2645
83
109
2474
94
98
683
106
120
1183
111
122
2256
136
138
681
136
147
1577
140
149
1723
145
149
947
147
153
1258
149
154
869
157
158
370
180
194
2270
182
189
1111
191
206
1279
198
206
1072
202
215
1204
219
225
875
224
226
544
236
247
1120
248
258
1415
250
278
6430
256
283
2428
257
268
2063
276
289
1328
281
296
1625
293
308
2541
318
327
1444
323
337
3110
358
376
1690
370
380
1303
379
390
1515
388
404
1970
396
405
1379
403
410
1910
414
434
2113
436
455
2690
461
475
3493
471
481
1790
