0
70
14214
1
9
1178
1
15
3273
1
52
6908
2
12
887
2
19
2391
3
18
1247
4
10
781
5
9
1034
5
71
6828
6
18
3102
6
20
3286
6
63
8441
8
17
1900
8
20
1645
9
14
1190
9
18
1449
10
13
245
10
18
1729
10
24
2843
10
30
3153
12
24
1756
12
25
1551
12
31
3373
13
23
2364
16
23
2058
16
27
1072
17
24
640
17
41
5506
17
66
9802
18
27
2133
21
30
2167
21
31
1784
22
32
1337
22
36
3805
23
42
2343
23
42
2326
23
46
5602
25
51
4201
27
36
2099
29
54
4611
29
56
2471
31
37
1439
31
37
1596
31
52
3312
32
54
1466
32
56
2544
34
38
377
34
45
958
35
47
2855
38
48
1333
40
55
3520
41
62
2209
43
52
724
44
55
1205
48
54
770
48
64
1758
50
61
1049
51
64
1271
52
65
3258
52
66
3196
57
66
992
59
60
259
69
71
709
