2
15
2062
2
85
7831
3
4
179
3
17
1845
4
20
2755
4
29
4937
5
16
1088
6
23
2600
9
32
2769
10
79
5569
11
67
5427
12
27
3007
13
17
726
14
22
1141
14
30
1519
14
34
4210
15
20
492
15
26
1456
15
26
1624
18
32
1864
19
31
1438
21
30
1866
21
35
1480
23
28
488
23
36
2121
26
34
1306
26
36
1232
26
39
1519
26
40
1345
28
37
1656
28
39
1983
31
38
1318
32
37
1000
32
39
1107
34
49
2181
35
42
790
35
45
1634
36
55
2813
37
55
2757
40
45
489
41
52
1565
42
62
2964
43
65
2560
44
69
2935
48
55
951
49
60
1740
51
58
479
52
68
2757
52
68
3685
54
81
4181
55
70
3287
56
61
1584
57
70
1901
61
71
1026
62
76
3617
64
74
2111
69
71
339
71
80
1994
72
80
1352
73
77
1139
73
84
1922
81
83
318
