0
84
11516
4
16
2424
6
15
920
6
34
3956
11
19
2057
15
24
920
17
26
1459
20
28
1328
22
29
1880
22
70
7338
24
107
9251
25
40
1288
27
38
1724
28
47
2676
29
32
359
30
47
2091
32
49
2132
32
92
11021
35
42
983
35
47
2049
39
47
2077
39
48
2129
41
45
941
43
53
1486
44
55
945
44
60
1554
44
69
3733
46
49
320
48
67
5226
49
68
3204
50
58
1148
51
56
897
51
62
1088
54
67
2355
54
72
4660
55
58
1022
55
101
8529
58
63
1351
58
68
1263
60
76
1449
66
84
3988
70
77
2054
74
98
3645
78
89
1756
80
102
4346
83
117
3003
86
93
1105
86
99
1346
88
95
837
89
96
1417
89
98
1856
89
99
891
89
109
3080
90
92
271
90
98
1301
92
101
1075
93
102
2784
94
109
4316
98
106
2596
99
121
4339
111
115
615
111
122
1817
115
127
2463
118
126
839
