1
87
13719
6
24
3074
7
29
6174
7
100
21485
9
17
974
10
13
366
11
22
2318
11
45
4596
12
17
512
13
24
2192
16
29
3111
17
30
2925
19
27
1544
20
22
312
21
43
1857
22
47
3054
23
31
1312
23
77
7362
26
101
8341
27
31
781
30
39
1069
33
41
1036
33
42
1266
33
54
5039
34
40
1771
36
61
3869
37
48
2943
38
43
1111
38
45
1365
38
86
9040
39
41
839
39
47
1840
46
71
3440
47
57
1147
47
67
2078
47
103
5566
55
67
1741
61
73
2671
63
69
545
63
75
2980
64
72
632
64
80
2488
69
87
1534
71
78
1664
72
79
979
73
80
1349
81
96
3055
85
99
2557
86
100
1829
88
95
1210
92
94
343
92
101
1014
