0
63
8428
2
16
3390
2
29
3460
3
16
1401
3
17
1859
4
11
822
4
22
1679
7
23
2225
8
13
664
10
15
1573
13
37
5808
15
65
6226
19
26
717
20
30
1645
21
35
2193
22
30
1215
23
51
4619
24
31
847
24
37
1347
24
43
2320
28
46
1068
30
57
3854
30
67
5694
35
44
853
36
37
278
37
48
1117
37
51
3152
40
53
2780
41
46
562
41
66
4459
42
68
3652
43
53
2339
44
52
1186
44
60
1886
45
55
1332
45
65
2830
47
68
5956
48
56
2227
48
60
1643
48
64
2228
52
68
4412
55
71
3328
57
65
1718
58
74
3390
58
74
2703
59
81
3143
61
71
1673
70
74
365
72
76
1259
