1
18
3352
2
313
68586
3
17
3357
8
288
33242
9
25
1687
14
31
1495
18
41
6098
19
40
3527
24
39
2618
24
44
2528
28
46
1847
28
50
5022
34
50
2867
40
105
15843
43
48
1340
47
71
2570
50
58
533
85
109
3654
88
104
2767
95
100
830
95
115
2965
102
128
2932
105
110
744
106
130
3462
108
126
3635
109
128
2066
110
122
2416
119
128
1432
127
134
910
127
135
872
132
147
3336
135
151
1824
137
143
1307
151
157
976
156
166
1794
158
172
2500
160
166
692
165
191
4969
170
179
2369
171
188
1597
173
185
1607
182
200
2492
194
197
1121
195
201
580
200
274
8999
203
214
2250
210
220
984
210
237
6064
222
231
1342
230
236
533
245
258
1699
245
260
2742
252
268
2471
253
263
2691
260
269
2314
260
285
3917
262
269
1936
266
284
2737
272
280
1577
275
287
1330
275
292
2296
276
285
1585
293
297
1207
