0
11
2270
22
35
2085
24
474
47747
41
52
922
68
81
1259
82
86
684
92
107
2970
93
114
1918
94
118
5750
97
107
955
100
117
4225
109
473
60012
113
411
60472
120
361
40730
129
135
1422
137
152
1857
140
477
79257
151
166
2077
163
172
901
175
184
1697
178
202
4301
185
198
1552
186
389
20790
187
191
958
187
194
521
192
193
371
195
217
3767
213
233
4374
215
222
881
217
232
1743
221
233
3196
228
245
2817
233
253
3065
234
235
180
240
260
3202
248
270
2803
253
260
1280
264
357
11502
271
286
3181
304
310
738
311
335
3513
345
367
4756
347
367
3257
374
393
2241
384
394
2242
403
426
2691
452
462
1621
481
486
1284
483
497
1009
484
496
1413
