0
48
7370
1
10
1133
1
37
5382
3
22
2022
7
15
1799
7
17
1134
8
29
4292
9
24
2130
10
22
2141
11
22
855
14
61
9316
15
33
3620
16
30
2279
17
26
2207
19
28
664
20
37
1488
20
42
6063
20
42
2130
21
24
471
21
31
817
21
37
3388
23
34
2286
25
31
1362
26
37
2690
27
29
254
27
33
1173
27
36
879
27
49
4657
28
41
2489
28
42
3562
29
38
2787
29
45
3064
31
43
2300
32
39
723
32
42
1292
33
45
1153
33
56
3669
34
38
684
34
58
5269
37
40
654
39
48
1352
39
54
1281
40
56
2928
43
48
1002
43
58
3104
44
49
1574
44
62
4146
47
54
1288
56
61
1083
57
60
934
