0
3
556
0
9
942
0
13
3480
2
4
428
2
46
4725
2
66
8635
3
25
5343
4
15
2021
4
16
3201
5
15
2219
5
26
2331
5
55
6216
5
64
4286
6
16
1506
7
24
1728
9
24
2171
10
27
3209
10
66
5001
12
21
1704
14
16
671
14
23
1313
15
27
2644
16
39
2346
17
30
3112
17
32
1931
19
56
8550
20
34
2407
21
42
5098
23
60
5810
26
29
497
26
43
2248
27
38
924
27
47
2973
31
57
3990
32
36
650
33
49
1584
33
51
3105
34
54
2370
34
57
4273
35
45
1167
36
48
2617
36
55
3419
37
49
3225
38
45
1666
38
45
1704
39
50
1538
42
67
5024
44
54
1182
44
60
2429
47
56
1129
47
65
2424
48
54
725
48
58
1162
54
64
1681
