0
15
2729
0
39
7046
0
53
6072
1
45
5637
2
38
8551
3
12
886
3
15
1350
4
9
1374
5
18
2759
7
26
4721
8
53
11133
9
20
1787
9
27
3380
10
15
942
10
21
2450
11
19
1568
14
19
875
16
25
1756
17
22
714
17
35
2463
17
37
1541
19
37
2035
19
38
4387
21
28
903
22
42
3391
23
46
2771
24
31
1667
25
35
1082
25
41
3681
25
45
3354
26
31
468
26
46
2440
27
34
620
28
37
1851
29
49
2063
29
50
3361
30
35
1283
30
39
1552
32
38
1136
34
39
1367
36
46
2067
37
40
391
37
43
585
39
46
790
39
50
1518
39
53
1835
40
46
1904
48
52
815
