0
11
3140
0
16
2932
0
55
5885
0
58
9187
3
56
6492
4
13
1498
4
43
5447
5
8
911
5
22
2435
6
56
4623
8
14
494
8
26
1433
9
16
698
9
29
3343
10
28
2813
12
28
2537
14
26
1172
14
30
1929
15
30
3528
16
30
1967
16
31
1578
18
35
3164
18
45
7373
19
29
2009
20
27
808
20
29
1542
20
43
3329
21
31
1190
21
32
823
21
38
2673
23
57
2981
24
36
2380
26
39
1989
26
41
1681
28
38
1342
28
43
2109
30
32
220
30
39
1228
31
39
1507
31
53
2574
33
45
1102
36
46
655
36
51
1778
37
42
478
39
58
2000
41
51
2364
41
52
1969
43
51
709
44
58
1394
46
51
699
48
53
608
49
54
987
49
58
760
