0
2
587
0
3
1066
0
10
1480
0
24
4511
0
48
11763
1
5
483
1
15
1918
1
18
1883
1
23
2749
1
50
11672
2
24
1946
3
20
3765
5
15
1390
6
16
1068
7
26
3743
8
15
949
8
21
2994
10
21
1421
11
28
1930
13
19
1075
13
22
1859
13
28
1631
13
28
3415
15
26
1592
18
32
2138
18
33
1770
19
27
1941
20
29
1199
20
29
1772
20
38
3426
20
45
4926
20
51
4762
23
25
218
24
38
2668
26
39
964
27
32
1205
27
43
4627
29
34
1371
29
45
1884
31
39
1511
31
50
2763
33
36
431
33
37
546
33
37
873
34
44
1412
35
47
3173
36
47
883
37
44
944
39
48
2415
39
51
1849
42
50
1217
43
50
1289
