0
20
4875
0
80
8327
0
106
7033
1
101
7165
4
106
17910
6
17
1188
8
21
1313
8
53
4361
10
18
1720
15
22
1976
15
100
17472
16
100
12584
19
103
10415
20
36
4148
22
45
5022
28
33
905
30
47
2569
32
46
2124
32
57
4202
34
45
1453
39
106
15040
40
54
1850
44
53
1213
44
63
2662
45
56
2355
46
56
1079
46
72
1558
47
54
1215
48
56
1162
51
73
2457
52
57
1084
52
65
3609
53
60
968
56
61
930
57
61
1141
57
64
808
57
79
3375
58
62
746
59
70
2643
60
64
835
60
69
2837
60
77
3678
66
70
669
66
80
2638
66
88
4756
68
76
936
69
84
1740
70
87
2619
71
94
3585
74
89
3908
74
92
3769
77
88
1220
77
89
1639
78
104
3266
81
92
1547
83
95
2118
86
94
1528
86
98
1426
87
97
2144
90
99
1601
90
100
1490
90
105
3196
92
100
1205
95
103
1000
