1
24
2079
1
60
6116
2
16
3134
3
5
644
3
17
2461
4
5
411
4
10
1421
4
15
2072
4
20
3587
4
21
4453
4
58
7301
5
12
642
6
10
547
6
17
860
8
11
661
8
45
8632
9
14
991
10
15
453
10
24
908
11
23
786
11
62
5858
13
26
1052
13
40
2369
14
22
878
14
31
2560
14
55
6976
17
38
2705
17
40
2556
18
25
832
18
35
2297
19
31
1725
19
36
3638
21
35
3698
22
34
2467
24
41
5037
26
31
1051
26
45
2934
27
34
1184
28
41
2010
29
47
2409
29
47
1464
29
48
2208
30
47
1506
31
38
748
31
39
850
31
44
1927
31
46
1420
31
47
1846
32
36
443
32
53
2707
34
52
4403
34
55
1552
35
43
1152
38
46
1283
40
44
538
40
51
2420
42
55
1496
42
55
853
44
54
1853
48
58
936
53
59
735
53
61
2163
56
58
581
59
63
1052
