0
14
1493
13
522
66770
17
33
2566
20
34
2192
24
26
289
26
67
8718
26
487
60023
31
51
3735
49
67
2102
62
74
1468
73
79
497
92
96
1039
141
147
980
148
401
59662
150
331
15833
162
377
20925
172
178
1548
183
196
3492
185
202
2024
193
207
3472
196
206
1530
208
226
1260
212
233
2225
218
240
3089
241
267
7341
253
273
3318
254
270
2267
260
278
2227
263
264
213
307
313
894
310
474
35496
312
323
1354
316
327
3553
329
344
1339
332
342
2478
342
352
2082
353
377
2521
365
385
3047
371
384
2287
377
389
1210
404
411
1674
417
439
3457
435
442
1410
435
450
2579
447
462
2510
448
455
1488
459
468
2430
459
468
1428
465
480
2704
478
501
2988
500
508
1388
513
519
2067
513
531
2216
531
535
1022
