0
18
2538
0
19
2109
1
2
280
2
141
18890
3
115
26519
7
19
2059
11
23
705
12
21
2006
14
33
2356
16
17
247
18
27
768
18
142
26262
21
40
3657
24
35
1318
25
45
3220
28
42
2726
33
51
4590
36
49
2252
36
59
2660
38
55
1521
44
54
2266
46
128
13975
49
51
538
49
63
3268
51
62
1496
52
144
14902
63
78
1660
63
87
5178
64
76
3194
72
79
723
75
78
545
80
83
531
82
94
923
83
96
2157
83
99
2440
86
95
1090
95
102
1676
97
109
1682
99
121
1769
101
124
3475
102
109
533
102
112
1276
104
112
964
105
119
2954
105
121
2854
108
119
2198
109
116
2143
110
125
2218
111
132
5224
114
126
1264
114
129
2246
115
121
1422
117
135
1957
121
130
1083
125
138
2441
126
140
3540
129
145
1338
132
141
1720
141
142
411
