18
24
766
21
33
2572
21
43
4119
21
62
4852
35
49
3225
46
56
2685
68
76
910
82
94
1504
84
105
2647
94
105
2304
100
115
1825
102
169
13671
114
136
2492
145
344
41265
157
169
1767
163
168
508
168
194
5006
174
396
29036
209
220
2037
218
232
1943
220
240
3513
228
244
3118
254
264
2852
258
264
1132
271
290
5175
282
300
1365
283
292
1928
283
293
1100
302
316
2073
307
315
1358
320
438
28605
348
363
3356
353
364
2318
363
368
699
364
385
4428
366
383
1389
377
401
2376
386
405
5340
389
407
4836
414
419
1086
416
426
2177
428
434
844
434
444
1263
435
441
976
437
446
1431
