2
85
16936
3
24
1264
9
16
518
10
20
1162
10
26
3534
12
175
25750
15
27
3501
16
83
6453
17
30
2284
18
31
1558
20
28
909
30
43
1197
34
37
660
34
61
5143
38
137
18189
46
70
5026
48
58
1067
52
64
1526
55
59
940
57
76
4369
61
68
1254
64
84
1951
66
72
502
67
81
2165
68
80
3250
69
78
1757
69
79
1121
69
81
2245
70
74
793
74
79
780
74
85
1737
76
97
2644
82
97
1581
85
101
3242
89
107
2160
92
101
1511
95
115
3560
95
117
4357
98
189
19315
101
107
1116
106
114
1225
114
123
982
114
191
7635
118
138
5340
123
132
1148
129
135
606
129
138
2374
130
143
2353
152
163
1184
153
161
1219
156
161
436
163
168
350
163
169
483
163
174
782
164
172
852
164
185
3532
166
178
1324
170
177
1087
181
198
2861
185
191
853
193
201
968
