0
13
1731
0
18
2077
1
7
1257
2
12
1419
4
12
1811
4
14
1114
4
48
7504
5
12
1098
5
24
1988
5
77
11208
6
10
459
7
12
873
7
23
3745
7
23
2950
8
18
2368
10
35
4006
10
68
8167
13
19
1921
14
19
1105
14
60
10491
14
74
6764
16
36
3395
17
29
1509
18
36
2026
19
29
1855
19
56
9283
20
45
5118
21
29
1939
22
48
4551
24
28
792
26
46
2517
28
43
2082
29
35
1610
29
47
4083
30
48
1833
30
52
6070
31
39
1806
31
69
9310
32
37
597
32
53
2667
32
54
2427
34
56
2265
35
42
1831
36
51
1528
38
43
653
38
58
2392
45
47
464
46
56
1040
46
56
1514
48
61
1836
53
60
857
53
81
4133
57
67
990
58
71
1834
63
67
691
68
77
1533
71
79
1009
72
80
1391
