2
11
2666
2
15
3439
7
15
2541
12
446
59379
15
24
2667
16
29
1530
19
32
2378
38
48
2496
43
54
3053
43
439
53916
63
78
2387
70
80
1677
76
92
3812
82
88
1009
84
111
2932
88
103
1988
89
106
1719
105
465
73698
117
123
1599
122
238
12540
131
510
88442
134
154
1490
135
146
1253
155
160
1161
160
177
3077
178
185
1011
190
204
2803
206
219
1141
209
225
1509
219
230
2132
229
236
1151
236
253
4822
240
257
1167
258
264
606
261
271
1317
282
291
1329
318
321
369
320
337
2372
335
363
5964
345
370
4744
362
380
3061
367
371
1167
372
380
2676
382
395
2980
386
396
1144
422
442
4823
426
429
404
429
432
429
433
441
1347
442
461
3305
466
472
997
494
509
2157
507
518
1145
518
526
791
