0
19
3395
1
7
758
1
99
14419
1
116
13176
2
26
4033
3
123
14280
9
15
1035
10
13
954
12
22
989
14
19
1130
14
22
1643
14
25
1260
16
22
879
17
23
608
18
39
3971
22
121
17646
24
30
1524
24
31
1265
27
40
1957
29
41
1363
32
43
1683
37
52
1954
37
55
2442
39
47
669
41
42
141
41
48
1458
42
64
5640
50
66
1727
51
62
1891
52
66
1681
52
71
3891
56
59
501
56
70
1663
56
118
11433
63
74
816
68
80
1678
71
82
1259
73
77
864
76
97
2384
77
80
396
78
97
1916
81
89
1565
82
99
2376
83
97
2040
90
115
2570
91
105
1010
97
100
748
99
124
2384
102
106
480
105
125
1714
108
120
3454
122
129
1825
128
132
593
