4
21
3739
6
11
911
8
18
1782
8
28
1883
9
17
705
11
17
616
11
24
1522
14
28
3095
15
18
289
17
33
3171
21
27
727
24
39
3430
26
47
3405
34
49
1794
35
51
1798
36
47
2545
38
65
3106
41
50
1867
44
64
2460
46
167
7524
47
65
1112
50
156
15245
51
57
1580
51
72
4207
55
65
1677
70
85
2867
73
76
328
75
86
1355
82
88
1043
83
94
2699
83
98
2584
87
106
5548
88
93
1634
90
93
488
92
103
1594
98
113
3510
99
116
2849
100
108
879
103
112
894
107
134
4121
130
150
2309
133
140
819
137
144
528
138
154
1220
139
148
2237
142
159
3278
144
164
3663
149
156
1804
150
166
2595
151
166
3386
155
169
3436
166
169
350
