0
5
546
0
10
1576
2
14
1832
2
15
2042
2
62
5345
3
11
813
5
14
1067
5
61
7483
6
17
1266
6
19
2701
7
51
8878
10
22
3657
13
21
1572
13
25
1142
13
36
4169
15
21
610
16
25
2201
17
26
1418
17
29
2055
17
31
3604
17
34
3370
21
24
725
21
38
1733
25
39
2073
27
38
1222
28
41
1785
28
43
3291
28
54
5086
29
43
1689
30
39
2123
30
42
1540
32
43
1231
33
36
1016
34
54
3117
36
50
2431
37
48
2395
40
55
3057
40
71
2920
41
47
696
42
48
997
42
67
2275
43
64
3805
43
64
3748
44
55
2057
45
60
1823
48
53
1004
48
58
1461
49
59
2239
49
66
1822
51
57
678
51
60
1590
52
61
2086
52
62
1504
52
72
2234
53
57
1211
59
72
1810
60
68
1462
64
73
2212
65
66
220
