0
9
2262
2
11
866
3
13
2255
3
13
2890
4
18
1544
4
50
9636
5
17
1191
5
17
1804
5
34
3399
6
37
4698
7
22
3288
8
40
5439
9
15
1769
10
16
1266
10
23
2024
10
28
3619
11
24
2566
12
56
9859
14
15
205
14
23
1522
14
32
1593
15
22
1709
16
28
2433
17
39
1937
18
24
864
18
27
1208
18
29
1207
19
20
164
19
28
1924
20
27
956
20
30
1488
21
29
1222
21
34
1137
21
41
4150
22
32
1556
23
42
4226
24
43
1786
25
42
1787
25
50
3365
26
38
2624
26
45
1846
26
47
1707
34
52
1446
35
55
1518
36
41
603
37
45
775
39
47
1056
39
50
1171
39
52
765
41
50
619
41
51
993
43
51
917
46
53
1471
47
48
529
48
55
1079
49
56
1636
50
56
971
51
56
1363
