1
13
1
5
19
1
5
30
1
6
19
1
7
23
1
7
100
1
8
196
1
9
18
1
10
24
1
10
62
1
10
185
1
15
25
1
16
22
1
22
36
1
22
44
1
23
32
1
25
47
1
26
188
1
28
37
1
29
38
1
30
49
1
32
43
1
40
49
1
42
53
1
44
48
1
47
57
1
48
56
1
56
76
1
59
74
1
62
78
1
62
103
1
70
74
1
83
94
1
88
100
1
106
107
1
109
129
1
114
125
1
122
135
1
124
144
1
129
137
1
134
144
1
134
147
1
141
149
1
146
155
1
147
151
1
147
157
1
148
152
1
148
155
1
155
168
1
160
185
1
165
173
1
169
173
1
171
175
1
172
187
1
181
203
1
185
195
1
185
197
1
186
191
1
189
192
1
189
194
1
189
194
1
