0
12
2899
1
43
5797
2
16
2061
2
17
3264
2
51
3703
2
67
11577
3
9
799
3
15
2869
3
29
5926
5
54
8655
6
21
3443
7
13
1509
7
15
1024
7
61
5027
8
20
934
8
26
3493
9
23
1548
9
63
12581
10
27
2240
11
27
3001
11
28
3219
13
32
3380
13
55
7533
15
21
1392
15
28
2498
15
67
5092
16
25
1902
16
29
1581
17
25
818
18
29
2198
18
33
2554
19
28
974
19
31
870
19
43
5358
20
28
1798
20
35
2852
21
40
2550
22
30
2450
24
45
1722
25
35
2729
26
34
940
28
56
5283
29
32
840
32
41
1245
32
47
3120
33
48
3350
34
35
573
38
60
5353
39
46
1455
39
51
2642
41
68
6077
43
50
2121
44
53
2282
45
49
1061
48
52
1312
49
55
959
49
57
1344
50
61
2040
51
65
2676
54
64
2489
56
67
1551
57
67
1498
