1
9
1401
2
16
3737
4
14
2180
12
28
2888
12
62
5680
14
26
1267
16
33
1978
17
31
2150
17
190
15805
18
30
700
20
28
2227
22
36
1404
25
100
14146
33
138
19501
34
55
1657
35
54
4262
40
45
1456
41
59
3304
43
53
2219
50
64
3758
50
103
5564
61
80
3669
63
74
906
65
79
3421
67
193
15981
76
83
1093
81
84
648
84
96
1939
85
90
664
86
104
3011
86
107
2462
93
117
5288
95
102
1370
97
109
1133
102
118
3547
106
119
1648
110
125
2252
110
132
1766
112
126
2603
120
132
2131
121
124
662
126
142
4365
128
151
3651
129
140
1393
129
147
1378
130
140
1323
134
141
1604
134
145
1030
135
149
1985
136
142
844
146
147
374
149
152
650
154
176
5474
158
170
2438
169
177
2121
171
185
4334
176
181
1458
179
189
999
182
183
229
191
195
576
191
205
2842
192
205
1686
