1
176
25109
2
21
1967
5
16
2985
8
13
1223
12
157
25879
13
20
1519
13
30
2026
22
42
3256
25
26
367
30
35
1018
31
38
890
31
45
2051
35
175
17646
40
45
616
40
136
10286
43
46
679
49
57
1469
50
56
742
50
64
4110
52
58
1924
55
63
1864
59
112
14552
64
68
1210
67
78
2455
68
81
2159
79
101
2062
81
106
3365
83
147
7407
91
109
4558
92
115
3372
94
112
1767
95
111
2434
107
113
1382
112
117
645
118
133
2082
125
134
1788
125
137
2936
128
134
1617
128
152
5319
134
141
909
136
144
1149
138
155
2740
139
154
2236
141
159
5014
145
161
2191
146
165
4171
150
154
827
150
163
1126
151
166
3564
154
159
786
155
167
3234
166
175
1935
168
173
1009
