0
29
5271
2
84
12204
3
119
13602
7
111
15883
8
24
2273
10
18
1013
14
24
1550
16
34
1907
18
27
684
18
36
1797
20
43
1502
23
34
2014
32
50
3478
33
82
9595
35
42
1320
36
45
645
38
63
4579
38
65
5063
39
58
5038
40
46
1328
41
44
353
45
53
960
47
60
1756
47
69
4744
48
63
1334
53
75
2463
57
59
713
58
70
2048
59
73
3011
59
84
3723
62
82
1631
63
75
2780
65
78
1897
68
82
1417
70
77
980
74
77
807
83
93
2411
87
105
2243
89
92
615
89
105
1403
92
101
1116
93
111
4080
94
102
868
96
116
1422
98
107
1430
99
112
1537
100
107
1181
105
117
1198
