2
4
479
3
5
494
3
42
9062
4
15
1240
5
25
2893
6
14
2053
7
13
728
7
63
4169
7
66
7343
8
16
2327
8
28
2444
8
65
5044
9
16
1861
10
28
1800
15
37
2132
16
21
734
16
26
1029
16
32
1228
17
25
928
17
25
1033
18
24
1133
18
27
2578
18
35
1333
18
36
1391
18
36
3206
19
28
735
20
29
1220
20
42
4713
24
45
2436
24
57
1824
25
45
2542
28
37
1908
28
39
827
29
37
1507
31
51
2883
33
37
1024
33
60
6627
34
37
508
35
57
4639
36
57
1387
38
43
571
38
55
2218
38
62
2499
39
46
1409
39
57
3326
40
44
1060
40
49
2159
41
42
219
41
61
1954
42
53
1249
43
50
1655
43
57
3448
46
68
3671
48
58
1110
50
60
1558
54
59
1426
54
63
1441
59
66
1177
60
68
1162
61
68
1380
62
64
198
63
65
798
