0
17
1513
1
9
1276
1
14
1749
2
5
1105
2
5
621
4
41
4529
5
17
1370
5
45
3270
7
14
562
9
23
2389
9
41
5808
10
12
471
10
25
2352
10
71
5811
11
17
842
11
31
3686
12
13
426
14
25
2771
15
29
1720
17
28
1462
17
42
4407
19
30
1321
19
38
1510
21
36
3794
22
31
1809
22
33
1720
23
31
1107
24
26
317
24
28
1146
25
35
815
29
38
1113
29
44
1838
30
35
605
31
42
1006
31
45
4055
31
48
1522
31
54
2772
32
37
646
32
45
1144
35
68
6101
36
59
3877
37
38
405
39
49
637
39
57
2185
39
61
6161
40
50
1149
40
52
2785
45
58
1919
46
64
3564
47
50
624
47
68
1719
48
59
1141
49
59
989
51
67
1046
52
64
1574
52
67
4090
53
65
2162
54
66
1883
57
69
1845
59
71
3009
62
67
980
63
68
1032
64
67
697
64
70
614
