0
17
3098
1
6
505
2
22
2735
3
11
2121
3
13
1918
4
266
43491
6
16
1432
6
251
58321
7
18
1554
9
286
35511
15
17
216
31
52
3446
34
53
4565
37
51
2684
39
283
47698
54
61
730
60
63
947
64
73
1309
64
82
3144
70
225
24294
72
82
2569
78
85
1339
85
100
1022
86
94
1749
91
109
4287
92
98
891
108
114
714
109
129
3805
111
122
1875
116
129
1377
122
129
1676
130
142
2559
134
151
2469
135
274
15476
145
164
4168
159
171
2236
162
178
3352
167
172
554
167
186
3046
174
180
1111
175
188
1965
176
178
226
185
196
2660
193
206
1381
194
216
2474
199
207
839
200
202
330
205
210
747
213
222
1007
214
235
3248
222
229
701
225
242
3286
227
237
1418
243
269
4660
267
281
2020
268
282
2983
271
276
1000
271
284
2555
280
294
2121
