3
547
1
5
565
1
12
559
1
15
27
1
17
29
1
44
49
1
70
556
1
77
94
1
84
567
1
94
99
1
95
109
1
110
118
1
111
122
1
120
128
1
137
149
1
150
163
1
156
164
1
157
168
1
169
172
1
186
194
1
192
199
1
224
243
1
245
264
1
249
256
1
264
268
1
265
273
1
265
277
1
269
281
1
276
282
1
283
304
1
288
307
1
291
297
1
293
520
1
319
343
1
365
377
1
368
384
1
382
391
1
396
415
1
404
408
1
411
422
1
416
435
1
421
440
1
430
439
1
451
455
1
469
480
1
477
482
1
479
498
1
481
496
1
484
497
1
491
507
1
500
505
1
502
517
1
506
516
1
513
528
1
528
543
1
540
552
1
545
546
1
