0
12
1573
1
253
28002
2
257
30471
11
30
5312
18
30
1539
20
29
836
28
38
2301
30
43
1438
31
40
1497
33
40
1865
39
55
2511
39
57
3613
47
53
505
47
55
1102
51
77
4532
52
66
1831
54
68
1404
57
70
2062
60
68
929
64
72
1021
72
85
1442
73
92
4790
79
104
2468
87
102
1905
104
118
1801
106
117
2733
111
125
1655
113
120
1866
116
121
1466
118
136
3427
121
148
4204
124
132
683
127
151
3814
132
141
1408
141
149
2075
160
171
2160
170
178
1105
171
195
2979
174
197
4046
174
239
11036
177
183
924
191
195
462
198
207
1452
200
204
967
207
229
1991
209
229
4847
210
216
682
231
240
772
235
255
6123
237
238
470
246
248
247
248
259
1811
