0
12
2400
1
13
3255
1
53
9570
1
63
6307
2
10
1636
2
25
2488
2
67
11384
3
22
2701
4
19
2622
4
20
2867
4
41
7279
5
29
2447
6
24
2588
6
26
3469
7
14
1567
7
17
1192
8
13
538
9
16
774
9
30
2728
9
60
9065
10
15
929
12
16
959
16
18
475
16
18
507
18
38
6029
19
24
1232
19
39
4475
20
28
872
20
34
2153
22
33
1641
26
41
2587
28
49
4261
28
52
4084
29
40
2143
31
37
1320
31
42
805
35
37
279
37
39
664
37
43
524
38
51
3073
38
54
2054
38
55
3946
39
55
1220
40
43
705
40
45
798
40
55
3551
41
56
2596
43
44
353
44
60
2086
46
57
1101
46
66
2902
49
56
727
51
53
370
51
55
1341
