0
25
5041
0
79
9512
1
22
3753
2
84
10090
3
5
611
3
16
1808
4
70
9658
5
58
9897
6
19
1213
6
27
4186
7
15
664
8
13
1228
8
24
4250
8
26
1828
9
26
1245
10
22
1486
11
28
1688
12
34
3693
15
39
3043
17
18
369
17
53
8279
18
23
1335
18
28
742
18
39
2027
25
38
1363
25
41
1158
25
43
3580
27
64
5357
29
40
1551
29
48
2728
31
38
984
31
44
2166
32
42
1042
33
48
3168
34
38
973
34
46
2709
36
49
1571
37
48
2262
37
65
3501
38
59
4195
39
47
1277
45
51
1783
46
62
2839
47
56
701
47
57
925
47
59
1444
47
65
1564
48
57
1176
49
67
5144
50
59
1771
50
67
2720
51
72
4748
53
64
732
54
70
1057
57
63
1815
57
83
5099
61
71
1062
62
66
953
71
78
928
