1
465
96149
14
19
1195
21
40
1582
25
30
606
27
52
4148
39
48
2178
42
55
1395
44
54
2313
49
52
743
60
82
2532
72
100
4276
95
96
260
106
111
914
107
113
1461
112
125
3986
116
136
2301
116
137
3419
117
137
3420
134
149
1998
147
384
42924
149
162
2785
166
171
1504
166
181
2309
186
199
1568
194
208
2784
194
213
2417
194
215
4792
217
228
2892
262
272
1314
265
278
3743
265
281
1265
269
281
863
293
299
1825
307
324
2160
312
328
1332
324
335
1241
324
341
2045
325
345
1965
353
366
3430
366
373
955
371
377
752
384
402
2201
391
397
1409
406
411
605
410
424
1308
440
449
2513
445
460
2705
