0
6
795
0
14
2347
2
26
4172
3
11
753
4
14
1810
5
11
1265
5
28
3743
5
50
7951
7
22
2306
8
24
2354
9
27
4332
11
17
603
11
29
1017
11
39
3372
13
21
1316
13
22
2368
13
37
4009
14
32
3819
15
25
1662
15
26
1058
15
37
4863
16
41
2084
17
34
1544
17
41
3498
17
52
8000
17
57
4043
18
54
6353
19
33
1321
19
37
2342
20
27
2054
20
32
1949
20
39
3116
21
42
2682
21
43
5744
21
49
4025
23
25
399
23
28
618
23
34
1446
27
41
2610
27
46
1670
28
29
557
28
41
2005
28
52
2858
28
53
3975
29
30
140
31
37
940
31
39
1528
32
51
3468
35
47
1215
36
52
1745
39
54
1336
40
56
4049
44
46
704
