0
23
1
3
23
1
5
11
1
10
25
1
23
43
1
24
37
1
32
229
1
33
40
1
43
58
1
44
53
1
44
143
1
45
55
1
53
62
1
61
72
1
62
85
1
63
286
1
66
93
1
67
81
1
67
83
1
78
155
1
83
87
1
90
93
1
91
97
1
91
104
1
92
96
1
92
241
1
98
106
1
117
139
1
118
126
1
124
129
1
127
145
1
128
140
1
132
145
1
134
140
1
134
150
1
136
138
1
137
149
1
138
150
1
141
163
1
149
173
1
150
163
1
152
172
1
155
159
1
160
178
1
166
185
1
169
180
1
170
177
1
182
196
1
190
213
1
209
220
1
209
231
1
217
226
1
231
234
1
231
235
1
231
239
1
238
256
1
246
258
1
252
261
1
271
283
1
281
285
1
282
285
1
290
291
1
298
301
1
