0
2
348
0
6
681
0
24
5430
1
50
4267
2
13
2217
3
12
1430
3
14
2092
3
29
4758
4
23
2196
5
16
1570
5
29
2490
7
30
4070
8
20
1100
10
20
2213
10
30
2173
10
56
6633
12
20
2124
13
16
516
13
23
992
13
24
1613
14
31
2190
15
45
6076
16
30
2688
17
23
1449
18
24
1388
18
31
1988
19
34
4024
22
31
887
23
28
601
23
39
2591
25
34
1653
25
36
2648
26
30
1219
26
36
2170
27
36
1017
28
44
3734
29
53
2605
31
44
1425
35
51
2824
36
49
800
39
51
1013
39
52
1499
40
41
377
41
48
799
41
51
1974
44
48
563
44
51
1059
45
52
703
45
53
2106
46
49
552
51
52
219
