12
400
51641
15
29
1810
43
54
1207
63
461
51371
69
84
1535
70
89
1578
72
92
3479
75
80
663
78
86
1506
84
89
1717
90
100
1811
102
122
4219
123
146
1658
150
166
3222
164
175
1339
174
181
735
180
192
1799
194
206
1240
195
198
574
200
206
845
213
230
2038
217
224
1193
224
239
1956
243
248
865
248
250
357
268
273
1289
270
289
5008
271
285
3209
276
283
486
280
364
22991
292
311
2809
293
297
542
301
308
1324
338
346
1750
343
353
1185
367
385
1766
368
383
1931
380
384
1339
387
399
2699
395
402
1295
415
424
1902
417
428
2543
418
429
1038
420
437
4596
423
430
955
445
457
2538
454
461
796
