1
7
1452
1
15
2342
1
114
11043
2
13
1559
4
19
1674
7
39
2518
9
13
764
9
21
1376
11
27
1336
15
41
2333
16
31
2551
20
76
11221
21
29
2210
21
43
4332
29
43
1214
30
53
1857
31
42
2386
31
52
2070
36
49
1417
41
51
991
43
67
3569
50
63
2950
51
60
791
54
77
1474
58
71
1391
58
82
5008
62
65
729
65
86
2786
68
84
2004
69
75
1176
71
112
6504
74
84
2508
75
93
2843
77
96
3282
78
93
3291
81
93
1720
85
94
630
87
96
1164
89
97
1941
90
96
1514
91
98
965
92
96
585
93
120
2796
94
110
3084
99
117
2221
100
111
1340
101
116
1920
102
118
3233
110
115
589
