0
4
927
0
13
1336
0
16
3944
0
52
3417
1
20
3971
2
17
1352
3
18
1380
3
49
12946
7
45
4890
8
24
1287
8
33
2313
10
22
2399
10
27
4040
10
31
1592
10
35
4817
11
14
619
11
20
1099
11
35
3800
12
17
707
14
16
367
14
18
474
14
27
4082
14
29
2917
15
19
528
17
35
3148
17
42
2304
18
51
3595
21
26
668
22
43
4357
23
37
1731
23
37
2880
25
30
946
25
33
1200
25
41
1699
28
31
525
28
37
2029
28
41
2834
29
40
1324
30
43
1261
30
48
5412
32
39
1091
32
44
1519
32
45
3011
33
41
1783
38
49
1489
39
45
963
39
47
902
41
52
1459
43
54
1424
44
50
436
44
54
2720
45
54
1385
46
55
1484
48
53
1112
49
53
1057
52
55
646
