3
12
1169
5
19
2129
7
22
2844
15
33
2885
24
229
28772
25
50
3468
27
37
1714
30
41
2511
32
42
1212
38
243
37040
40
46
834
43
64
5349
46
59
918
54
78
3223
55
57
348
57
65
1259
60
242
17429
61
69
687
63
88
4602
67
87
3872
73
131
11126
75
81
1131
75
88
3647
79
105
2749
87
100
3173
88
93
866
88
100
1100
105
114
626
107
120
3757
109
117
1291
111
123
1204
112
122
1383
117
138
4365
124
138
1240
136
147
1282
139
144
1073
148
155
1375
162
174
2448
171
179
1563
172
192
4294
178
188
1026
182
191
2670
190
209
1381
200
207
788
205
220
3968
207
210
583
208
230
3743
211
222
1933
224
232
1789
