0
6
610
0
9
1311
11
27
1283
15
254
37508
21
45
2639
27
127
17121
28
239
24690
30
54
3780
31
37
1119
33
55
2763
38
58
2174
52
57
577
56
64
1534
57
76
5320
67
79
2313
70
71
404
70
78
1580
70
80
1193
77
81
999
94
105
1035
100
114
3608
100
124
2450
101
106
849
103
107
518
107
115
711
108
221
16143
114
129
3492
125
146
2911
129
220
9814
133
151
3146
135
147
1569
152
174
2803
155
170
2571
156
171
1623
157
181
2277
167
172
589
180
193
1562
182
203
2012
185
206
5139
186
195
1196
192
210
4455
195
214
2619
195
221
4357
207
211
735
215
234
2391
217
221
739
220
241
5438
225
234
2306
227
242
1415
230
249
4653
234
239
1295
