1
17
1659
4
22
2660
9
20
1973
10
32
2948
12
21
1727
12
72
7667
17
27
1482
17
34
2061
28
39
2547
30
44
2975
33
47
1936
41
52
1601
45
67
3047
47
175
18953
52
152
8964
55
161
10369
58
150
16201
61
75
1100
62
183
20014
63
186
10259
66
161
5789
74
89
1404
74
91
2161
82
99
3932
84
93
2581
85
94
2545
89
100
2879
98
106
758
98
124
4969
101
115
921
101
117
1692
104
118
1192
106
126
2359
109
119
2388
109
129
2180
111
116
652
111
129
3789
113
116
226
115
171
14801
119
134
2348
121
126
1387
121
134
1976
127
142
3270
131
142
1652
133
150
3396
138
143
714
138
150
2358
138
152
2784
139
153
1840
142
154
1579
149
164
1896
158
170
2098
162
173
1359
164
170
1172
164
182
1991
171
178
1724
173
179
646
