1
26
1753
2
13
2052
2
15
3286
4
9
541
4
14
3097
4
124
12755
5
22
3449
6
16
1969
6
19
1182
6
59
6274
10
17
1097
12
22
1412
12
109
10791
13
18
680
13
27
2504
14
17
939
14
27
2356
16
35
1351
17
31
2165
17
110
14872
19
39
1276
20
23
426
21
26
1437
24
30
679
25
31
1496
28
53
2735
29
44
2240
32
49
3968
34
53
3534
35
41
558
38
43
776
38
55
1389
43
54
2229
43
86
7760
46
63
3020
48
50
590
50
70
5055
54
58
1064
57
69
3364
57
73
2765
61
69
786
65
79
2597
67
89
4115
71
75
1334
79
105
3731
82
93
2363
82
94
1326
83
89
1169
89
114
3845
91
100
1752
92
97
906
92
101
1482
96
110
1787
97
113
2102
97
121
2306
99
124
4517
101
119
3171
104
116
1735
107
118
2636
109
113
573
109
121
1878
112
120
1295
114
127
2086
115
124
912
