0
1
290
1
10
1475
2
134
18470
3
9
1384
3
141
33649
6
13
1897
6
24
2050
11
25
3740
15
16
376
15
19
1236
15
22
1867
16
32
3854
20
148
29079
21
37
3880
21
42
2185
21
147
23437
27
35
2140
28
38
889
29
44
2823
35
45
1519
37
44
1452
40
51
2278
40
55
2195
45
60
1566
47
87
8835
51
56
1704
52
61
1604
53
55
700
54
70
2973
56
66
1131
56
73
2401
56
75
4032
60
72
2158
60
79
3148
64
74
927
67
80
3205
69
84
3344
73
87
2019
74
83
1591
74
83
2656
76
96
3583
78
98
3525
79
98
2203
82
104
5351
84
98
3780
98
119
4095
108
116
1446
111
114
411
111
120
2001
111
126
1180
115
129
2291
117
139
3867
118
134
3403
118
140
2878
119
123
415
121
130
1057
125
138
3492
128
131
804
130
140
1712
133
149
2171
