3
8
591
13
401
50512
14
427
38642
19
21
408
32
37
726
32
45
1366
41
46
1237
44
51
1948
49
72
3690
56
279
20026
62
73
969
65
86
2590
72
88
2221
91
101
1472
116
126
1713
118
392
21932
143
158
2913
171
183
2536
173
180
1375
177
191
1678
177
199
4220
180
190
652
184
265
19517
193
204
2001
194
205
1986
214
238
3059
223
226
763
235
241
841
240
249
815
242
254
913
256
265
770
281
299
2118
287
295
1194
292
304
3231
309
328
1859
315
331
2850
329
337
2098
338
340
381
346
355
1145
353
368
2889
366
373
934
387
395
1330
390
410
3480
407
421
1619
409
433
2436
