1
8
2065
1
151
37047
9
153
31879
13
20
761
14
114
11686
16
35
3273
20
32
2308
21
34
2364
22
34
2512
22
35
3138
22
36
1636
22
44
2339
26
77
3355
27
32
1458
29
51
4707
30
46
2614
38
51
1441
38
56
2508
50
64
1868
54
70
2129
59
71
1597
61
62
392
62
84
4404
65
77
1342
66
76
2254
73
84
2121
73
85
1501
74
78
411
82
99
1788
85
103
4162
86
102
1906
87
96
679
87
100
1440
87
113
3486
90
100
1334
94
98
1180
106
118
2759
107
113
980
108
121
2558
117
159
5967
118
128
1002
122
131
2208
128
133
875
134
139
927
135
144
2154
136
144
1409
139
159
5970
154
159
973
