0
11
2256
1
11
1540
5
29
2912
6
8
400
13
29
1899
14
18
492
15
24
1103
17
27
1658
17
35
3034
20
32
1649
22
30
1779
24
36
1223
25
46
2855
27
86
7757
28
148
23402
30
36
398
31
39
1801
41
55
1654
50
63
2751
52
60
779
52
71
3225
56
66
1233
57
70
1528
62
75
3035
64
72
1391
64
78
1882
68
75
1714
68
90
4334
69
91
2966
71
83
1951
77
82
642
77
86
1239
79
97
2644
80
100
3948
86
180
18411
88
98
1390
90
98
2426
95
102
1146
107
121
2394
112
131
2526
119
121
297
120
122
596
121
127
1623
121
131
2330
128
138
1005
130
141
1573
133
141
1107
133
148
1412
146
150
793
151
158
2086
153
160
823
154
162
1091
154
175
3050
168
179
1953
172
181
1725
