2
9
820
6
10
1397
7
19
2129
8
12
821
12
27
2906
16
27
2743
19
229
30657
21
35
3275
29
52
2353
29
211
29357
30
34
1188
36
48
802
47
55
1039
51
150
18474
64
77
1908
79
82
367
86
89
363
87
98
1667
91
97
1149
91
101
1443
91
101
2032
95
196
20082
97
115
1408
98
114
2926
98
123
3576
101
113
2862
110
115
622
110
120
1190
119
131
2102
121
130
2024
126
130
405
138
150
2092
139
152
2611
139
250
17130
142
150
1955
157
180
2207
159
170
2945
182
201
4508
184
205
4463
185
193
1810
191
198
1145
191
209
4860
192
205
947
198
206
682
198
208
1889
212
224
2833
215
219
1185
221
241
2110
228
239
2200
230
240
1131
230
242
2029
242
246
834
243
250
1319
246
260
1309
