5
412
68471
13
295
45728
16
30
2564
19
20
192
34
50
2650
42
455
73160
49
56
1227
53
62
621
67
85
2350
70
75
805
80
84
955
81
104
2712
90
107
2562
96
98
288
109
114
1080
118
128
2527
122
135
2667
161
173
2720
164
175
2406
168
179
3397
172
189
1646
177
186
1652
181
184
742
182
193
1115
191
206
2717
195
346
15430
200
203
535
200
218
3665
205
216
1235
221
233
1928
235
240
479
246
259
2784
252
269
3557
262
270
1726
280
286
729
348
353
620
356
375
2611
373
394
3823
378
397
4182
401
415
1572
405
413
1339
415
437
1576
430
446
1132
437
445
747
445
450
1042
447
456
1042
