2
213
27806
6
19
1738
8
12
981
11
22
1997
16
37
3424
38
204
34531
53
55
577
54
67
3579
55
191
29649
56
64
2017
57
79
3037
73
93
1644
78
89
1992
79
179
22044
87
133
6786
94
105
1107
94
120
3336
96
113
3487
98
112
2612
101
166
11675
107
121
2773
116
133
2866
120
138
4279
123
130
596
128
140
1333
133
139
999
135
142
1302
137
160
3158
141
145
760
144
153
1152
145
164
2940
146
156
1213
147
154
793
153
165
1174
160
177
3765
165
229
5379
173
186
1226
178
197
3211
180
203
2770
183
188
1580
185
193
1323
193
212
3156
194
196
454
197
201
499
208
211
565
218
229
1576
