0
55
7687
1
10
1937
2
14
2053
2
17
2493
2
19
1992
2
20
1878
3
11
757
4
11
1334
5
29
3021
6
19
1242
6
36
6479
7
19
1428
7
23
1689
8
18
935
8
37
4988
10
26
2047
11
19
2091
14
20
954
16
26
2942
17
21
579
18
22
411
18
34
2699
18
35
1700
18
54
8104
19
30
3164
21
31
1244
23
45
4440
24
40
1645
25
38
2046
27
42
1828
27
45
4468
29
53
4215
29
55
3455
30
33
756
30
43
3378
30
43
1268
30
50
4510
31
51
2600
32
44
2992
33
37
739
34
43
1698
35
38
261
36
47
1763
36
47
1977
37
47
1686
38
47
1633
39
52
2439
42
45
578
43
53
1814
48
53
749
