1
9
1
8
19
1
9
25
1
11
24
1
13
274
1
17
22
1
17
25
1
25
49
1
27
48
1
29
52
1
32
42
1
36
237
1
41
81
1
44
57
1
49
64
1
51
61
1
66
67
1
78
85
1
78
88
1
79
106
1
79
249
1
80
94
1
88
100
1
97
107
1
98
112
1
99
104
1
99
106
1
103
121
1
105
114
1
107
114
1
111
124
1
113
119
1
116
128
1
132
156
1
133
147
1
142
143
1
152
169
1
165
182
1
172
179
1
181
208
1
195
214
1
197
208
1
197
224
1
198
204
1
200
206
1
202
223
1
207
222
1
214
225
1
217
229
1
218
221
1
220
224
1
221
226
1
229
251
1
244
249
1
248
255
1
265
272
1
