0
20
1405
4
19
1121
6
332
56707
27
35
713
28
51
5112
30
37
959
32
43
2175
65
82
1393
85
99
1350
93
102
2800
114
115
319
115
126
1281
121
133
1375
140
168
2537
141
151
1230
143
157
2668
145
156
1640
148
174
3232
157
163
1070
157
166
1033
158
585
49070
164
187
1975
175
180
654
208
224
3952
234
574
43187
241
248
1272
259
275
2154
259
281
2029
271
278
1882
271
279
1093
272
282
1312
288
299
1724
292
306
1610
299
319
2808
314
329
2049
319
327
915
387
405
3523
395
402
772
397
419
3401
399
417
2009
403
418
1716
404
409
496
408
416
1059
412
417
1249
431
449
2781
434
445
1662
442
450
944
456
466
1393
464
474
1725
493
497
810
510
518
1737
518
528
2316
518
539
3413
524
543
2451
530
543
2307
541
562
2877
552
571
1324
556
576
2377
577
587
2498
