0
82
8526
0
84
10815
1
5
401
4
16
2183
5
14
2358
5
28
1883
6
82
14539
7
61
11790
7
80
9935
8
12
892
9
23
2394
10
71
4843
12
65
7519
14
40
4921
18
27
2484
20
41
2012
22
66
4207
23
45
4883
25
39
1678
27
46
3065
28
37
1012
28
40
1703
28
49
2164
29
39
1733
29
40
1154
31
45
1952
32
43
1147
32
46
1755
32
54
2386
33
40
856
33
42
906
33
49
3056
34
42
2183
41
56
3418
42
44
833
45
58
3512
46
54
1793
47
60
1416
49
64
4586
50
65
3564
50
72
2483
53
59
964
55
65
1367
55
82
7365
57
79
4000
60
78
3408
63
66
282
63
71
1116
63
80
4453
69
78
1295
75
81
514
