11
25
2757
15
16
161
16
29
1872
17
26
1616
28
37
2449
28
42
3810
29
39
1671
29
41
1657
30
42
1264
30
85
12256
34
254
56437
39
59
3134
40
45
528
52
169
17638
60
74
1342
68
76
1170
84
99
1779
108
114
1643
108
119
782
108
122
2090
110
115
1323
111
118
1153
114
138
2277
117
126
1890
118
136
2417
124
143
1379
125
135
1150
127
147
2604
127
152
3629
131
150
3450
133
153
4264
138
147
966
141
148
755
142
155
3212
156
168
2260
169
187
4148
170
181
1890
171
192
1866
179
189
2222
179
193
2992
196
219
3016
206
215
2375
211
231
2689
213
229
1144
220
224
724
223
225
690
225
238
2415
229
235
890
232
244
1366
232
245
3636
243
252
2277
256
259
442
