0
7
1373
1
11
1118
1
11
1500
3
52
7864
4
12
1276
4
16
2938
4
54
7208
4
56
13249
6
22
2230
6
52
7959
7
26
2400
7
30
1586
9
14
1077
9
17
2143
9
32
3839
10
50
6163
13
21
1550
13
32
5271
14
18
512
14
23
1355
14
23
764
16
29
2719
16
47
8133
18
41
1645
19
20
262
21
38
2972
24
34
1055
25
48
4437
27
46
2801
29
48
3975
30
46
2892
30
52
2343
32
35
653
32
41
673
33
52
4725
34
44
1470
34
53
1697
34
56
3481
35
51
2473
40
53
1014
41
55
2325
41
63
3022
43
55
1003
43
57
2270
44
61
2183
47
49
339
48
51
783
52
59
751
54
63
2462
56
63
749
59
61
252
