4
299
60005
8
24
1383
19
31
1742
19
208
30914
28
31
454
28
45
2035
30
185
30631
31
48
3383
33
53
1754
48
296
39519
52
61
798
53
73
4054
54
56
327
61
72
2965
61
87
5177
63
76
1930
65
75
2594
68
81
2271
69
76
1321
71
88
1773
76
85
1692
85
97
1690
88
147
7137
90
113
2390
100
111
1861
104
117
1922
105
113
2390
106
131
3128
107
117
1093
108
149
3589
127
143
4468
132
150
2268
135
149
3170
136
148
919
137
150
2617
138
147
726
148
152
1160
158
174
1435
163
170
1658
166
171
1349
172
185
1692
173
184
1083
175
185
3024
179
190
854
187
189
246
187
210
3631
194
206
1730
220
237
2013
228
240
1368
232
240
756
237
254
3358
238
250
1971
242
255
3303
246
260
1793
257
265
2386
259
283
3122
266
279
1568
270
282
1844
275
290
4133
277
290
1571
281
286
564
288
310
3089
303
318
1304
308
317
650
