1
71
7898
2
73
10146
4
20
1460
5
12
1234
5
17
1642
5
37
5493
6
15
1691
7
18
2946
9
23
2716
11
13
294
12
23
1771
12
28
1706
12
33
2249
13
24
2050
13
26
2486
13
55
3080
14
21
1492
14
40
2564
16
29
2614
17
26
833
18
36
1864
19
38
3526
20
38
1737
20
45
6435
20
53
2874
22
35
2165
23
31
658
23
42
4724
25
57
6638
26
47
5188
27
41
1560
28
48
4053
29
36
1189
30
35
518
31
42
2213
32
48
2593
33
42
1056
34
46
2404
38
42
635
41
51
1085
41
55
3079
43
49
1117
43
56
2140
44
56
2030
44
56
2514
44
59
2811
46
50
854
49
53
614
49
57
1650
51
58
1772
51
67
2227
52
73
2100
53
67
3207
53
68
2890
54
61
2253
55
65
1330
56
71
1599
57
70
1402
59
69
2493
62
67
1277
62
68
1086
70
77
855
73
75
276
