0
14
2892
3
5
437
3
10
1455
3
20
1444
3
66
19020
3
67
14201
4
7
1037
4
21
2371
6
10
383
6
23
1347
6
48
4180
7
19
2317
7
24
3750
8
65
12996
9
28
4030
9
53
7243
10
17
909
10
35
5342
11
20
1084
11
27
3239
12
14
483
12
23
938
14
28
2489
15
43
2701
16
37
2071
17
23
1184
18
26
1131
20
33
3675
21
32
1875
21
35
1359
21
42
6039
22
33
3156
23
29
1594
25
33
802
26
40
2082
28
49
2124
29
36
811
29
43
2709
30
49
5093
31
55
2978
33
50
2077
35
42
736
35
53
3792
36
43
787
36
56
3117
37
46
2233
37
52
2842
38
50
1875
40
44
902
42
51
1686
42
54
3054
43
52
1126
43
53
901
43
53
1066
43
59
3342
52
53
143
54
61
2034
55
64
1619
56
63
509
57
63
699
58
61
259
