3
15
1
4
280
1
7
21
1
9
18
1
11
19
1
13
23
1
13
27
1
20
31
1
30
210
1
31
133
1
36
46
1
36
48
1
44
55
1
51
187
1
55
64
1
63
70
1
64
69
1
64
77
1
64
89
1
71
84
1
85
93
1
87
93
1
93
101
1
94
113
1
98
123
1
99
115
1
99
120
1
108
125
1
115
120
1
135
144
1
146
151
1
154
161
1
161
167
1
164
170
1
164
171
1
168
180
1
169
180
1
169
234
1
171
195
1
174
184
1
175
191
1
176
195
1
178
185
1
180
183
1
184
189
1
195
202
1
200
208
1
206
221
1
214
227
1
220
228
1
227
239
1
243
264
1
246
258
1
261
282
1
266
281
1
269
284
1
278
284
1
