0
10
2630
0
58
7972
1
6
1058
1
56
4533
3
18
3950
4
24
5871
6
14
1186
7
15
1810
7
26
4610
8
16
1143
8
26
2451
9
30
2216
10
21
1163
11
38
7195
12
14
395
14
20
1133
14
23
1512
15
30
2529
17
28
1365
19
28
1277
20
30
1016
22
33
2681
23
53
5255
24
30
1069
24
32
1551
25
33
1586
25
46
2918
26
66
2420
27
33
981
28
47
2227
28
52
4365
29
35
503
29
40
2028
29
46
5052
29
51
5407
31
38
1122
31
46
3007
31
50
1738
32
33
222
33
44
2523
34
50
1912
35
39
1229
36
54
2298
39
43
467
39
44
685
39
59
2644
40
42
393
40
49
1958
41
61
3470
42
56
2225
44
47
651
44
54
1070
44
56
1480
45
61
1564
48
53
1210
50
53
540
50
58
915
50
61
3090
50
62
3717
51
60
1728
53
57
1420
57
61
463
67
68
286
