0
301
34640
3
285
77742
11
27
1523
13
299
53793
14
23
979
22
35
1068
24
44
4249
31
51
2560
34
46
1793
40
43
1123
42
57
2353
43
51
2028
50
62
3321
54
60
448
57
71
2147
57
211
40095
61
81
4384
67
73
1413
68
87
2778
76
86
1108
86
101
1524
96
105
2186
110
133
3816
116
118
303
121
138
2560
124
136
1527
130
145
2289
136
154
1706
137
148
1389
141
289
29523
142
166
3230
147
158
1013
152
167
2578
160
172
2962
168
187
3546
179
190
1302
181
193
1808
186
198
918
196
205
958
198
211
1654
200
216
3529
201
213
2600
202
210
2235
203
215
1258
207
216
2639
212
228
2711
219
228
731
225
276
5538
230
239
1839
233
249
1863
243
248
1288
250
256
724
253
265
2025
256
265
942
258
268
635
260
274
1920
271
279
675
280
307
2245
282
297
1489
282
304
2044
282
307
2440
305
309
1198
