1
16
1679
2
6
996
2
50
10823
4
19
1983
5
15
2147
6
21
2052
7
16
1353
8
20
2497
8
32
6279
9
19
1523
10
35
4388
13
28
1680
14
20
919
15
22
1305
18
22
498
19
34
1665
23
33
1292
23
38
2171
24
34
1845
26
42
1897
27
35
1495
28
39
1126
30
46
1534
30
49
1908
31
34
221
31
44
2533
32
35
1149
33
49
3853
33
58
2152
34
43
1207
34
55
3213
35
56
2192
35
59
4048
36
39
701
36
47
1058
38
49
2299
39
64
4372
41
58
3269
43
54
1546
43
59
3412
44
63
1376
46
51
1470
50
60
1760
51
61
3015
54
63
1035
57
61
1048
60
66
837
60
68
1105
