0
7
862
1
7
408
1
10
1498
1
15
2873
1
24
2899
5
18
885
5
19
3193
6
95
15654
7
18
950
7
116
12271
9
18
1215
9
22
893
11
15
661
13
27
1081
13
33
3400
13
82
9515
13
108
15080
15
26
1668
16
35
2145
19
100
16378
22
127
12581
24
48
1559
29
35
898
32
48
3391
36
46
1601
37
45
1232
38
57
2050
41
63
5981
42
44
576
50
52
298
50
60
1093
51
70
5299
59
86
6944
61
84
4507
63
141
13806
65
72
1078
66
77
1611
71
79
905
73
93
2096
78
96
2446
79
89
2778
80
97
3313
86
106
3459
90
98
2117
94
115
3315
98
111
3028
102
124
3543
108
112
806
108
114
1030
108
118
1322
109
118
1252
110
122
1168
112
114
535
116
127
1259
126
132
499
129
133
269
133
139
893
