0
119
1
0
142
1
2
25
1
2
27
1
4
5
1
5
101
1
15
30
1
15
37
1
18
21
1
21
24
1
21
28
1
22
153
1
24
48
1
31
46
1
38
61
1
39
50
1
40
47
1
40
49
1
42
67
1
43
62
1
48
59
1
53
56
1
53
64
1
54
70
1
56
66
1
56
71
1
57
72
1
57
81
1
58
75
1
60
72
1
61
73
1
64
77
1
68
90
1
71
77
1
73
88
1
75
95
1
78
88
1
82
95
1
83
93
1
88
101
1
90
100
1
92
102
1
94
99
1
96
107
1
104
114
1
106
113
1
108
127
1
110
116
1
111
118
1
115
123
1
115
129
1
118
131
1
119
125
1
119
133
1
123
127
1
123
128
1
123
146
1
129
148
1
133
155
1
135
141
1
137
150
1
140
144
1
142
153
1
