1
27
3265
4
18
4049
12
36
1972
15
26
1721
18
171
23449
21
34
2839
22
24
643
24
46
5667
25
134
8962
27
31
912
30
147
28142
35
51
2033
35
146
6615
37
50
1756
38
43
816
41
45
1007
45
166
12339
47
145
5359
49
60
1861
60
71
618
65
76
1529
70
81
1622
74
100
2325
76
94
1292
77
161
11898
78
96
4247
83
167
11743
84
103
1998
88
100
2617
92
107
1724
98
119
5807
101
113
1577
103
108
822
104
127
2452
107
117
1034
114
129
3079
116
128
2109
116
139
5208
123
129
954
125
135
1049
127
154
2515
131
149
1999
131
151
2018
136
155
3699
138
153
3834
140
142
438
144
166
3912
154
167
1790
154
174
3704
156
162
1493
158
172
2365
159
174
2630
163
170
1863
