0
9
1948
0
11
1856
0
15
3415
1
15
3677
2
16
1671
2
21
4900
3
22
3177
4
15
2373
4
16
2570
4
26
3699
4
49
8093
5
18
1650
5
19
2424
8
25
2228
9
30
2835
11
21
1273
11
24
2326
12
21
1798
12
31
2387
14
26
3402
15
25
815
15
42
3765
15
49
4065
16
32
1978
19
37
1881
21
30
1836
22
47
2598
23
29
874
23
56
3105
24
27
568
25
36
2493
26
35
2521
26
42
1255
27
36
1069
27
38
1276
31
42
1409
31
54
3614
34
47
1078
35
54
2199
37
46
2330
38
44
1408
39
49
1738
40
54
3099
41
61
1697
43
47
499
43
56
2225
45
60
3879
46
57
2910
47
58
1274
