0
21
2458
0
46
5007
2
4
414
2
13
1427
2
22
3946
2
50
6747
3
23
3448
4
16
2760
4
27
2524
5
65
5083
6
12
1409
7
9
309
8
15
972
9
33
2128
10
62
5856
11
21
1143
11
51
5027
13
18
1482
14
24
884
14
25
1997
15
22
2055
17
26
1846
17
37
5640
18
42
3284
21
31
1888
21
33
1040
23
32
1168
23
37
3584
25
39
3227
25
43
2032
25
55
2004
26
42
4204
27
37
2878
27
40
1969
28
34
682
28
43
1833
29
41
1830
31
39
2096
31
44
3576
32
50
2907
34
44
1505
35
40
966
35
51
3280
37
59
3499
38
47
2135
39
51
1743
40
55
1901
40
56
3836
41
42
403
41
55
1094
42
63
4153
43
44
404
43
59
1411
43
61
1936
50
54
1113
51
57
668
52
65
1647
53
57
631
63
65
500
