0
22
3090
1
202
13014
3
27
2579
7
23
3757
10
196
31264
11
21
1213
16
31
2343
17
98
15602
18
40
3279
22
34
2786
23
33
1265
33
48
1580
35
41
487
37
60
5740
38
55
3372
44
57
2665
48
73
6906
55
72
3568
56
67
2126
57
73
2112
58
66
810
61
75
2082
68
73
743
71
86
1895
72
77
944
72
84
3374
79
90
2091
83
91
1020
84
99
2537
84
99
979
84
174
11918
86
103
4688
86
105
1613
88
94
2031
88
102
1759
97
200
17525
98
113
1891
102
112
2609
109
118
1017
119
129
2349
127
135
1438
129
137
1792
129
149
2797
136
145
1693
143
145
749
143
148
443
146
172
4707
147
164
1754
150
152
366
150
174
1833
156
172
2347
157
175
5005
162
174
1713
162
188
1486
163
167
717
165
205
6714
174
181
1594
180
198
2300
184
189
1544
186
204
2100
190
195
593
201
211
905
202
212
1689
205
209
313
