0
9
1329
0
17
3285
1
7
611
1
11
925
3
14
2564
4
10
648
4
22
2219
6
14
1046
6
31
2804
7
16
988
7
58
11777
8
26
2742
9
16
1745
9
19
1262
9
28
2179
10
28
3291
10
49
5644
12
19
1791
12
21
2000
13
25
3088
13
48
6150
14
21
1491
14
33
4113
14
41
6142
15
38
3252
17
31
3688
17
66
7857
18
39
2463
21
36
1418
21
37
3435
21
37
1915
21
37
1913
22
35
2785
22
40
3390
22
40
2998
23
44
5581
23
47
2486
26
47
3807
29
37
1864
29
46
1633
29
46
3670
30
37
815
32
44
3215
34
46
1162
36
55
3756
36
61
2845
38
45
1546
39
63
2415
40
50
2188
43
54
3040
43
56
2468
45
57
1062
45
62
1879
46
60
1793
47
64
1366
48
62
1899
50
61
1563
53
56
531
53
56
670
57
63
719
