0
88
15715
2
7
1233
3
60
13036
5
19
1829
5
20
2623
5
21
2684
6
90
10170
7
13
1131
9
18
2313
11
33
5016
12
19
995
13
21
628
14
27
3288
15
24
1151
16
36
2710
16
50
8544
18
25
1607
18
31
3014
21
27
990
26
43
1770
26
45
2705
29
34
963
29
42
1965
30
36
1822
30
44
1632
30
53
2128
33
46
2638
36
41
982
37
49
1199
38
42
847
38
57
3688
38
79
6372
39
51
1268
40
51
1841
42
54
1915
43
45
609
45
57
3255
47
67
3643
48
54
1038
48
93
2491
49
63
985
51
57
455
53
67
2255
55
64
2002
58
75
3397
62
76
1639
63
72
1271
64
73
1210
67
78
898
70
77
778
73
90
2390
74
85
2252
76
92
2723
78
80
209
81
85
1252
81
88
1902
