2
208
19839
7
23
3255
8
19
2222
10
19
2183
14
16
274
14
19
769
14
23
1525
16
18
612
17
23
489
18
37
3107
26
39
3183
29
40
3148
34
47
1275
37
41
719
39
45
1358
40
50
1266
41
59
4245
44
59
1954
46
63
4360
48
209
18469
48
212
35740
50
62
2737
51
57
755
53
88
8583
54
67
2151
54
201
19756
58
71
2513
67
74
2020
70
74
460
71
79
1090
75
205
24060
76
91
1323
78
84
689
80
88
1422
83
92
2303
88
91
1027
90
105
2899
92
132
5922
93
109
1874
95
112
2945
97
116
2615
108
122
3875
110
119
1884
112
125
2014
125
146
2147
126
131
599
126
137
2452
128
149
2095
134
138
738
139
159
3016
143
146
273
143
148
727
147
159
1303
149
150
406
149
164
2586
149
167
3032
154
157
1048
168
177
2209
183
204
4595
184
196
1524
196
210
1282
199
207
897
200
205
478
205
208
428
