0
115
9211
1
12
1795
2
11
1904
3
5
564
3
104
13324
4
20
3866
4
23
2581
5
116
12607
6
14
1590
6
23
3414
6
87
20410
9
23
2764
10
13
350
10
27
2438
10
32
3021
16
20
1346
17
36
2512
19
117
13084
22
41
1522
25
90
4604
26
44
1711
30
48
2014
33
52
2389
34
48
1453
38
52
2080
41
50
691
44
49
644
46
69
4261
50
119
5666
51
55
895
54
58
486
56
71
2305
57
69
3099
59
75
1171
64
74
1159
67
85
3633
67
120
8747
68
86
3723
70
92
2605
74
81
1213
76
92
1220
78
83
1291
78
88
1065
79
101
2398
80
90
2838
82
98
2788
86
99
2741
89
115
3132
98
121
2207
99
111
2761
100
111
1577
101
113
2237
101
115
3051
104
108
314
106
115
883
106
120
3960
108
117
934
108
120
2434
109
116
1918
113
118
881
118
119
270
