15
33
3083
17
120
15033
18
26
888
18
40
2062
19
47
6577
20
26
974
20
27
1484
21
35
3170
23
43
4248
24
46
2152
25
48
5932
27
40
2787
32
41
1735
34
37
550
34
38
1384
34
150
17331
37
61
2808
38
65
4351
46
57
1723
47
59
3086
49
52
888
49
58
1352
52
65
1746
53
62
2404
55
60
688
55
76
3337
57
78
3946
58
66
857
72
80
885
75
81
659
79
86
1181
79
96
1415
80
88
1040
81
104
1842
82
92
1093
83
100
3638
84
100
2766
87
121
3188
92
112
2250
94
109
1780
96
115
2810
100
105
523
101
116
1681
103
117
3283
106
122
3286
110
120
1033
114
124
1405
117
120
483
122
130
1698
123
126
510
124
145
1761
125
129
597
126
129
709
127
137
2135
130
152
6058
131
138
1167
132
138
1111
134
148
1797
139
150
2451
141
142
192
144
148
909
