0
12
2539
1
3
448
1
9
1828
1
20
3908
2
22
3202
3
8
492
3
12
1635
3
40
9096
3
68
9874
4
15
1080
5
6
192
6
29
2531
6
32
4140
7
12
1238
8
28
2737
9
18
1971
9
34
2682
10
20
778
12
40
4770
15
24
1578
15
60
11237
16
25
1918
17
35
3892
18
30
2490
20
27
1427
22
38
1339
24
34
1860
24
65
3625
25
37
1682
25
63
6546
26
31
560
27
35
787
28
34
748
28
42
2901
28
54
3356
30
50
2126
31
51
2440
37
52
2637
37
60
3625
37
68
5216
39
51
1979
39
52
1449
39
59
2821
39
63
3537
40
56
1819
43
54
2589
45
57
904
46
67
3515
50
60
2227
51
65
1972
51
65
1412
52
59
1343
52
63
1785
53
54
183
53
55
578
53
57
536
54
64
1788
56
58
366
56
65
1092
57
59
495
60
65
1742
63
68
1319
