1
19
4695
2
10
1993
2
63
13202
3
23
2676
3
74
19991
4
20
2015
6
24
1749
7
60
7837
8
22
2284
10
31
5940
12
33
2992
13
17
475
13
30
1561
14
29
3800
15
23
1257
16
39
5530
17
23
1825
18
32
1939
19
41
3498
20
33
2271
23
36
1111
23
49
7111
24
49
2553
28
39
3072
34
40
1067
34
61
5038
35
57
3795
37
50
2980
37
52
4201
40
49
1003
43
50
846
43
51
1755
43
51
985
47
52
907
47
72
2643
49
72
4651
50
69
1848
51
63
1238
51
77
3304
52
54
363
53
64
1766
56
69
2448
57
65
1668
60
78
5374
63
77
2483
66
74
531
68
79
2132
74
77
357
