1
10
1113
1
17
2328
1
54
11437
2
14
2026
2
17
2028
3
17
2719
6
17
2294
6
21
1560
8
24
2812
9
23
2661
9
35
6415
9
35
5264
10
27
2420
11
21
1447
12
28
2803
13
22
2153
13
34
2146
14
21
899
14
24
1392
14
35
2094
14
57
5936
17
30
1641
18
31
2249
19
50
3949
20
25
929
20
35
3611
20
35
2307
20
40
4266
20
44
2337
21
25
1407
21
27
1261
21
39
3463
23
32
1043
25
38
1334
25
41
4835
27
29
391
27
46
2005
28
55
6147
29
38
2122
29
39
1135
29
48
2658
31
35
1025
31
37
774
34
46
1659
35
48
3092
35
55
2082
35
55
3256
36
41
930
36
54
2064
38
42
711
38
44
1485
38
52
2492
40
52
1186
44
57
1370
45
50
654
45
51
1086
46
56
1786
54
55
366
