0
8
1001
7
155
24371
10
25
1650
13
23
2174
18
43
6771
22
30
718
23
30
1467
23
103
7672
25
49
3020
28
36
1133
28
166
19048
31
39
1508
31
51
4820
36
48
2320
37
55
2500
45
178
21466
50
54
600
73
78
484
73
85
2518
73
87
3223
73
87
1488
76
97
2986
80
105
5098
83
96
1321
84
105
3682
86
92
950
86
98
2304
94
102
2584
94
109
2048
100
103
830
102
110
2344
107
119
2720
114
134
4151
115
134
4306
119
128
1053
123
148
2980
126
147
4408
128
147
1594
129
135
514
131
137
781
132
151
2493
137
141
917
141
152
1588
143
159
1660
145
154
1398
146
163
1578
147
149
632
147
154
1173
149
167
2198
150
166
4510
151
173
3066
153
172
1174
156
166
2515
165
176
2220
173
190
3307
174
188
1892
177
184
1430
186
191
733
