0
9
2671
8
52
5996
9
14
589
11
22
2186
13
123
13598
14
28
2354
14
29
1982
15
23
768
19
29
1302
20
26
1041
26
44
5432
27
49
4714
28
107
21234
30
38
1886
34
47
3385
34
102
11447
38
64
4238
42
52
1176
43
47
689
43
47
1103
43
61
3999
46
56
1445
47
60
3197
47
68
5540
49
65
3803
52
58
500
53
75
5831
55
118
8114
57
62
1046
58
147
8295
61
63
245
61
72
1915
66
82
3749
67
129
4679
68
90
3477
69
86
3383
83
91
1936
86
94
1302
93
116
2412
95
104
2178
96
106
2459
102
107
651
106
108
428
107
112
1597
107
122
1871
108
116
1781
115
130
4044
116
129
1615
120
131
1845
121
135
1918
126
132
1250
126
148
2075
127
134
1218
129
143
2987
130
136
774
130
147
1786
132
141
1294
136
140
758
136
141
1613
144
145
286
