0
12
1175
1
16
2754
2
22
2853
3
12
1571
3
20
2222
3
20
2395
4
9
870
4
73
10994
11
15
590
11
49
3807
12
15
968
12
25
1487
13
25
2112
13
78
3729
14
27
2017
14
28
2061
14
47
8592
15
21
873
16
19
329
19
20
264
20
34
2249
20
42
3896
22
25
376
22
38
3967
24
35
1608
26
44
2785
27
31
1089
27
52
4632
28
35
1718
36
46
1557
39
64
2923
40
48
609
42
48
1343
45
50
617
47
58
1514
49
71
1793
50
69
2326
53
62
1875
55
69
2836
56
71
3005
57
67
2496
57
72
1670
57
78
2367
57
79
2892
59
74
1855
59
78
2369
59
81
5332
60
80
3886
62
73
1032
63
76
1583
63
76
3200
63
81
2726
65
72
1318
65
74
1812
66
82
4132
67
73
1288
73
79
1015
76
82
1499
