18
35
1
25
30
1
57
514
1
61
144
1
67
79
1
82
104
1
94
111
1
97
111
1
104
124
1
106
124
1
121
126
1
124
333
1
134
141
1
141
144
1
141
152
1
162
176
1
162
188
1
199
203
1
203
204
1
204
212
1
204
218
1
211
232
1
212
222
1
223
241
1
225
508
1
267
288
1
268
278
1
275
279
1
278
291
1
281
304
1
287
291
1
295
313
1
316
319
1
330
433
1
337
339
1
339
350
1
344
351
1
361
382
1
374
391
1
415
429
1
427
442
1
427
444
1
435
448
1
442
451
1
461
467
1
466
476
1
476
483
1
479
495
1
491
507
1
492
497
1
495
512
1
504
512
1
519
525
1
520
540
1
521
524
1
530
549
1
