0
121
13864
3
17
1749
7
18
1208
7
18
1006
7
18
1030
9
16
742
10
24
1673
11
24
3089
11
28
2649
12
22
2420
12
24
2219
13
27
2488
16
88
5354
17
36
3036
23
30
1301
27
37
1596
28
46
4712
31
43
1637
32
41
1348
32
108
22347
39
52
2042
44
51
1380
46
54
1385
46
54
910
46
60
1460
48
66
2405
49
57
943
52
75
4765
61
71
1191
65
68
1068
65
78
1456
65
85
4166
65
86
5579
67
77
1050
67
80
2349
71
76
904
71
86
1946
71
89
2114
76
82
527
84
89
1431
84
96
1852
87
89
492
97
107
2214
98
123
3472
100
109
774
101
113
2329
101
117
1604
103
109
633
111
122
1077
114
122
1548
