5
15
2263
7
81
7675
9
32
2614
11
144
23981
13
21
1884
13
21
1488
13
78
7759
22
30
1537
26
42
2474
27
50
5184
28
38
1159
29
37
2486
32
40
2306
32
44
2475
32
54
2511
35
51
974
37
39
209
37
53
2479
38
59
3550
40
43
680
45
61
2042
47
69
4051
48
55
748
49
60
2346
51
59
1541
52
59
1155
52
62
1226
54
63
1187
56
63
1166
59
83
3685
63
70
1974
68
91
2446
75
91
3258
77
100
5011
80
85
1358
81
89
698
85
109
3676
88
102
1328
88
113
2212
90
119
4403
92
102
2004
93
113
2511
93
114
4015
95
109
1694
95
110
2396
97
113
1627
98
113
1201
99
108
1487
99
115
2728
101
104
413
103
118
1299
105
118
1685
111
122
1083
113
125
1394
115
123
1043
119
143
3611
122
149
4077
125
133
836
127
145
2079
138
139
543
142
151
1251
