6
23
3719
23
37
1849
35
49
3375
38
519
95135
41
45
489
45
62
1780
50
60
1607
51
61
797
53
65
1276
64
68
307
117
399
61332
126
144
3886
166
176
1451
170
176
1557
173
186
1234
175
195
3216
180
190
2316
181
198
2550
181
490
24120
200
450
25312
218
226
867
220
229
1677
231
246
1647
232
236
989
233
245
2162
235
240
1410
235
254
1987
290
307
1159
297
313
3459
325
336
1323
327
339
1271
331
339
749
334
344
2878
338
354
1772
350
358
1549
370
374
1119
370
383
2971
373
377
885
373
388
3789
376
394
3258
385
398
3183
388
391
579
395
414
1969
417
428
2603
432
453
1493
440
451
1479
471
473
326
477
491
2150
487
502
1491
489
508
1771
496
503
1726
499
507
808
501
508
2051
509
522
1130
