0
13
2020
0
117
30423
2
18
1856
3
18
2583
4
99
12316
7
21
1355
7
21
2423
8
19
1255
10
24
1337
10
85
16651
11
114
23402
12
31
2943
13
33
2458
14
22
1484
14
30
1749
16
116
25076
20
29
2295
22
30
906
24
33
960
30
39
2314
30
51
3779
31
39
1123
33
42
2340
33
53
1964
35
44
1275
35
48
1771
37
52
1448
38
40
338
38
56
1927
39
61
4822
44
52
1814
46
51
583
46
60
2539
46
60
2076
46
65
1750
48
53
514
48
57
1186
49
60
1713
52
80
3256
54
73
2229
59
75
2210
60
75
3635
69
81
1515
69
87
2570
75
92
3620
80
90
1202
81
101
2721
82
95
1879
82
100
4803
84
90
464
84
93
1688
86
109
4320
87
95
1214
94
103
1961
95
107
978
95
112
2902
97
115
3441
98
116
1373
110
116
949
