3
23
1
4
526
1
17
33
1
19
33
1
31
52
1
49
54
1
59
81
1
66
73
1
95
108
1
101
114
1
102
109
1
107
131
1
109
128
1
112
115
1
113
126
1
119
121
1
125
136
1
126
147
1
126
516
1
127
144
1
138
151
1
147
344
1
156
166
1
161
168
1
169
181
1
187
206
1
215
227
1
229
244
1
259
284
1
320
322
1
326
434
1
335
347
1
340
353
1
341
350
1
355
368
1
362
389
1
373
394
1
380
406
1
387
395
1
415
430
1
415
430
1
415
434
1
423
439
1
441
447
1
447
462
1
464
474
1
474
490
1
475
487
1
483
493
1
487
511
1
489
498
1
494
513
1
506
515
1
