1
3
739
5
17
2619
6
21
1218
6
25
1975
6
48
9265
7
13
1428
7
16
1660
11
17
887
11
112
15628
13
19
1700
14
98
18203
15
16
296
15
36
5053
15
110
17763
20
40
1301
23
30
733
23
35
1110
25
34
2434
26
37
1282
26
44
2128
27
37
896
28
44
4507
30
39
1649
30
52
2643
33
38
681
35
58
4039
35
61
7057
39
41
307
43
58
1622
46
64
4374
47
52
1313
48
57
1107
52
55
439
52
69
1869
53
64
1419
55
65
1921
59
82
2814
60
70
703
61
81
2067
62
73
1304
63
76
2672
65
82
3680
65
88
2602
68
74
1414
68
84
3403
71
109
2988
73
84
1466
77
90
3800
81
86
1412
82
101
3224
85
92
759
88
96
2126
97
103
870
97
114
3614
98
113
3322
99
103
858
99
115
1273
108
116
825
110
117
1197
