0
308
39632
2
7
368
3
16
2807
5
82
18246
7
9
526
8
16
839
17
34
3859
17
269
33845
24
45
4209
27
38
2681
27
44
3665
28
35
617
28
52
2285
29
288
20007
30
34
724
36
47
1101
37
54
3177
44
55
2875
45
49
1291
51
64
2390
58
61
343
61
271
38396
62
77
2181
65
76
2981
71
83
2727
74
83
1743
80
100
3159
82
92
2390
84
101
2162
88
98
1048
90
106
1634
99
116
3187
101
110
1805
102
114
3381
118
126
1621
123
145
4838
155
172
2516
156
167
789
160
170
930
161
171
1370
166
174
734
167
174
1198
174
177
455
179
194
1701
186
200
1266
198
215
1120
209
216
550
217
231
2012
217
239
3900
223
230
732
223
235
2256
237
243
676
238
251
2904
241
244
538
248
272
3345
265
272
1241
272
278
451
274
276
560
281
301
5640
283
287
450
292
305
3376
304
306
294
