1
8
1114
1
8
818
1
14
2272
3
14
3542
3
15
1360
4
8
465
4
10
689
4
18
1232
4
25
3323
4
51
2991
7
19
2567
8
24
3439
9
18
930
9
32
2484
11
19
835
12
17
873
12
29
1703
14
19
1291
14
34
3793
16
54
5378
18
19
167
18
23
1200
19
28
1233
19
38
3843
19
43
3014
22
25
842
22
32
1490
23
29
1950
24
43
1206
24
50
4746
25
44
2081
25
64
3751
28
37
1605
31
46
3535
32
40
1339
33
39
995
34
54
3503
34
57
3567
34
60
1679
36
57
6086
37
61
4075
38
41
460
38
52
3297
38
54
2265
39
49
1716
40
48
591
41
57
1138
41
61
1864
41
65
1772
46
65
4402
51
62
1298
54
60
1205
56
65
897
59
68
2005
62
66
701
