12
16
621
20
32
2621
27
45
2689
47
50
522
61
66
476
67
84
3756
74
90
3099
90
111
4067
92
434
49217
96
103
1998
112
134
4283
140
155
1765
144
167
3689
152
158
1737
155
166
2055
156
175
2213
160
168
1534
164
181
1658
173
427
26006
179
192
3089
184
191
1108
187
193
1920
195
213
2606
195
389
23693
201
207
734
208
217
2463
217
240
2874
227
231
909
235
256
2556
245
252
1082
250
258
1366
268
277
1121
274
289
1290
286
460
17805
290
299
1292
301
309
1535
314
322
2230
318
333
1448
332
482
12997
347
367
4240
353
362
914
356
373
2461
358
370
2404
358
379
3749
365
372
1334
370
379
1311
378
398
2692
401
403
480
407
426
1952
428
440
1292
447
450
776
457
480
3541
464
469
600
515
522
1324
536
560
4783
553
563
1821
554
559
391
560
561
355
563
572
1676
575
585
1461
