9
202
26312
13
32
2217
15
22
891
15
26
1499
19
92
9501
19
209
45809
22
35
1237
27
48
4051
35
46
1161
37
44
1040
39
60
5134
43
54
1457
48
59
2728
50
74
3499
66
78
1521
68
84
1715
73
88
1419
79
89
869
82
96
2525
85
89
623
86
178
8186
89
151
6300
95
110
2762
104
110
1319
109
112
1051
110
125
3668
110
133
2312
114
123
1403
116
130
1866
118
145
4394
120
131
3019
120
137
1925
122
128
1258
124
133
920
127
136
2823
128
144
1790
136
156
1935
141
157
1517
142
173
7655
151
159
1578
154
168
3282
178
191
1320
