2
13
1546
2
22
2719
4
12
1336
4
146
37737
7
22
3228
8
17
2208
8
149
19908
11
23
2346
15
25
2612
15
34
5182
16
33
2190
17
41
3192
18
32
1510
24
39
2113
25
33
1730
27
31
586
28
39
2204
30
34
998
30
147
12035
37
59
3910
42
56
2062
43
57
1449
44
65
4391
45
62
1651
48
64
1675
50
59
681
50
70
2469
52
76
2157
58
64
963
59
76
4146
64
90
2711
65
79
3407
73
94
5053
74
89
2910
82
103
1744
84
93
1010
90
108
5587
92
113
5747
93
103
914
98
111
1241
101
112
2547
103
131
2073
110
117
1002
113
125
3490
127
135
1058
133
144
985
143
152
850
150
151
366
