0
22
3471
0
27
2240
0
77
17625
1
14
1183
1
14
3213
3
24
2245
4
14
1602
4
14
2000
4
15
1201
4
29
2679
5
28
2086
10
21
1094
13
32
3451
14
32
2812
15
28
1078
16
17
293
17
24
1087
17
34
3031
20
37
2178
21
39
2043
21
65
7365
22
35
2927
22
47
4185
26
36
1698
26
36
1498
31
51
2897
34
38
294
36
43
1503
36
44
1910
36
56
4363
36
58
3221
36
58
3314
37
47
1790
38
44
710
38
61
4308
39
44
707
40
46
1370
41
57
1698
41
59
3907
42
48
662
42
77
4817
44
52
2106
45
50
967
45
63
4026
47
57
1572
47
66
5742
47
72
3264
48
52
609
49
76
2802
50
60
1879
50
77
2078
51
71
3214
56
77
5336
57
69
915
58
66
1467
59
76
1275
60
65
435
63
77
2554
64
72
1419
64
74
1889
68
74
806
68
77
1821
