0
301
1
3
285
1
11
27
1
13
299
1
14
23
1
22
35
1
24
44
1
31
51
1
34
46
1
40
43
1
42
57
1
43
51
1
50
62
1
54
60
1
57
71
1
57
211
1
61
81
1
67
73
1
68
87
1
76
86
1
86
101
1
96
105
1
110
133
1
116
118
1
121
138
1
124
136
1
130
145
1
136
154
1
137
148
1
141
289
1
142
166
1
147
158
1
152
167
1
160
172
1
168
187
1
179
190
1
181
193
1
186
198
1
196
205
1
198
211
1
200
216
1
201
213
1
202
210
1
203
215
1
207
216
1
212
228
1
219
228
1
225
276
1
230
239
1
233
249
1
243
248
1
250
256
1
253
265
1
256
265
1
258
268
1
260
274
1
271
279
1
280
307
1
282
297
1
282
304
1
282
307
1
305
309
1
