1
3
693
7
318
22654
15
31
3792
24
47
4973
28
42
2222
32
45
1760
51
77
5583
54
62
1877
79
87
2007
90
91
282
111
133
4453
114
117
702
118
127
2242
125
145
2603
131
379
26305
135
159
2519
151
168
3116
151
172
3072
157
171
1464
159
172
1776
161
170
1242
162
170
1949
178
186
2190
191
385
33232
194
207
1293
214
220
1347
219
283
6991
226
230
1131
230
243
2949
234
498
60845
249
265
2997
257
274
2804
276
288
2640
297
316
1419
304
317
2522
323
332
1440
352
357
1280
353
365
1656
358
379
3694
360
371
1480
363
377
1315
378
392
1858
393
407
3257
401
413
1637
404
420
2615
423
431
966
439
457
3856
470
482
838
490
515
2411
493
497
317
495
500
604
502
511
1414
