0
4
381
0
16
3191
0
25
2277
4
16
2555
6
8
249
8
21
2468
9
13
729
9
19
1496
11
24
3427
16
27
1096
16
150
12327
17
28
2756
17
28
2855
17
149
11916
22
47
5983
23
33
1237
24
106
12271
24
156
9202
29
43
2876
33
57
3592
34
44
2484
37
45
1238
40
45
1069
43
59
4516
44
156
13819
46
57
1334
47
62
3316
47
67
2334
49
135
11786
51
70
3789
53
61
1378
56
71
2840
59
60
181
60
85
5680
69
83
2368
69
87
3407
75
93
4494
76
110
3018
84
87
337
84
102
2292
85
96
2359
90
94
564
90
100
1355
91
104
1918
91
112
3630
93
94
427
96
110
1453
97
103
1621
97
113
2158
101
119
1265
103
113
1862
106
124
3395
108
113
1144
108
119
1000
119
126
2142
126
132
1743
127
149
3932
130
145
2235
132
146
2066
140
154
2103
141
148
1092
145
151
1625
145
155
2255
155
156
281
