0
147
1
3
14
1
11
25
1
13
24
1
14
198
1
17
39
1
19
27
1
23
49
1
24
31
1
27
38
1
28
45
1
31
40
1
32
41
1
34
45
1
36
56
1
43
56
1
46
62
1
49
54
1
51
62
1
53
65
1
53
65
1
53
68
1
58
197
1
59
63
1
59
68
1
61
75
1
62
74
1
65
74
1
68
72
1
78
88
1
84
98
1
87
109
1
87
110
1
88
131
1
90
97
1
91
99
1
93
184
1
96
116
1
107
123
1
108
120
1
109
124
1
112
128
1
114
122
1
114
126
1
122
127
1
122
143
1
124
149
1
128
195
1
131
140
1
131
143
1
135
158
1
141
160
1
144
155
1
147
154
1
154
164
1
156
176
1
159
171
1
173
175
1
179
182
1
179
190
1
