1
24
4926
2
18
2513
4
35
7270
4
66
7400
5
6
138
6
11
668
6
15
1821
8
19
1633
9
70
6212
11
18
570
11
18
682
11
23
1338
11
27
4168
11
43
3641
12
18
1651
12
72
6926
13
21
1368
13
35
2710
17
29
1659
24
33
1179
24
42
3225
25
45
2178
26
35
1089
27
65
10221
29
40
1967
29
42
1972
29
55
5845
30
44
1971
30
46
4323
31
36
966
33
47
2308
35
45
1228
36
59
5178
38
59
3777
41
53
3185
42
57
1886
42
57
1797
42
64
1705
43
55
3235
43
63
4160
44
56
1581
45
59
2452
45
63
4477
45
65
4385
47
67
3728
48
53
976
49
67
2234
50
55
1409
50
71
3527
51
61
1686
51
62
1208
55
63
2035
58
69
1402
60
67
1300
60
70
2212
60
70
1218
62
63
260
65
68
780
