8
167
1
12
25
1
13
171
1
16
19
1
22
39
1
25
36
1
25
176
1
27
44
1
28
52
1
29
36
1
30
54
1
31
172
1
32
39
1
34
41
1
38
55
1
41
48
1
43
50
1
47
59
1
50
61
1
55
65
1
56
111
1
62
76
1
63
73
1
63
78
1
65
83
1
67
80
1
69
75
1
73
81
1
75
85
1
81
100
1
87
102
1
90
103
1
90
114
1
93
106
1
96
114
1
105
106
1
108
133
1
109
119
1
114
129
1
117
135
1
123
130
1
125
129
1
126
135
1
129
145
1
130
147
1
130
153
1
133
136
1
136
161
1
144
160
1
145
155
1
153
170
1
159
171
1
165
172
1
168
184
1
171
179
1
178
182
1
