2
17
1085
3
48
6151
11
19
1530
18
35
3984
30
45
2430
30
57
5391
39
42
413
43
63
2131
44
54
1448
47
55
2003
47
63
2143
48
57
2007
55
71
1604
57
73
1950
62
79
3144
70
76
1349
75
88
1572
82
99
3079
90
105
4007
91
107
2271
94
110
1590
95
111
1833
100
113
1586
100
116
2519
119
122
505
124
134
2586
135
156
2686
138
157
3825
146
155
629
147
173
6072
156
168
1715
159
171
2071
160
169
1576
161
170
1601
164
166
309
164
192
2696
174
192
1283
178
192
3482
183
194
866
183
203
4622
183
205
2442
188
202
2259
193
198
680
194
198
460
206
211
602
206
221
3636
207
211
633
211
225
3890
218
225
1461
218
227
1582
223
228
1034
240
255
2169
241
252
2841
245
253
2280
248
257
2337
250
256
531
254
263
925
260
270
1419
268
289
2196
271
287
2794
283
294
1210
