0
11
3518
9
18
1122
11
19
721
18
30
2099
25
111
16572
26
33
1215
26
40
2131
27
42
3557
33
39
616
33
41
1977
40
57
4114
43
52
1151
47
49
682
49
65
1016
57
73
1355
59
138
14039
60
125
7937
62
69
1239
65
79
1360
66
83
1827
74
94
1897
78
88
804
79
93
1636
81
100
3530
85
91
508
87
91
406
87
95
1798
88
96
1666
90
92
267
93
103
817
94
113
2504
94
120
3639
96
112
3488
101
130
3967
110
111
571
111
125
3919
113
138
4744
114
133
3914
120
147
6800
121
124
834
121
128
713
129
142
2577
132
145
2709
142
145
357
148
149
231
