1
8
974
1
11
800
2
22
3678
5
13
1605
6
16
1334
6
62
5102
7
22
2750
7
25
1814
10
35
4039
11
16
1204
12
17
861
12
20
885
12
28
1334
13
104
11553
16
21
1035
16
29
2120
17
41
3173
21
41
3261
24
42
5239
25
48
2363
25
102
17807
26
37
1268
29
38
809
31
37
1575
32
45
2271
32
49
1822
33
56
2853
34
35
412
34
39
763
34
55
3415
35
46
2110
35
58
5143
35
60
3361
36
44
792
37
43
1338
37
50
1399
38
49
2120
39
51
1486
40
46
908
42
57
1455
43
69
7284
46
71
5963
50
60
953
53
63
2234
54
63
1525
57
82
3042
60
72
894
62
70
826
64
67
365
65
76
1008
65
86
2522
66
79
2913
66
82
3766
66
85
2533
68
83
2365
73
82
1381
76
92
3308
78
90
1974
86
95
1356
88
93
376
92
95
510
92
101
1799
98
102
963
