2
224
21592
4
14
1423
6
223
18409
10
232
24276
15
21
1356
25
44
3748
32
37
1668
36
55
3603
42
49
1289
44
47
810
50
60
880
52
67
3284
56
77
2571
69
90
5815
71
74
602
72
87
3558
80
93
2013
82
103
2220
85
95
734
106
126
2780
114
130
3762
114
132
2318
118
129
1759
119
128
1117
120
125
1374
143
152
776
144
146
214
149
162
1204
150
159
833
151
154
357
151
167
1390
152
159
738
161
162
379
162
167
716
162
175
2441
163
172
1836
166
176
1198
167
172
1145
173
185
1338
176
189
1316
183
204
1967
195
199
573
196
197
315
196
216
5760
206
213
1048
217
232
2378
225
234
1699
226
237
1103
230
239
1252
233
237
895
233
237
1119
233
257
3448
