0
9
1233
0
106
12184
5
16
1639
5
22
2825
5
95
20290
5
100
16452
6
18
3467
7
8
170
7
14
560
8
19
1175
9
11
238
13
25
1467
14
22
992
19
35
3835
20
37
3009
22
42
2107
24
29
526
24
41
1898
29
40
2271
31
105
15956
32
94
7709
32
98
8132
33
42
2060
35
90
7900
37
47
2205
38
49
2728
38
100
5375
41
52
1582
42
80
4019
43
61
2608
46
63
3471
48
65
2498
51
59
977
59
68
1776
60
66
822
66
81
2934
67
91
6250
68
78
2211
73
79
863
74
97
3348
75
91
2523
75
97
5260
77
99
5345
78
87
1762
83
94
2023
85
94
1181
86
91
1323
87
99
2099
88
104
3283
90
97
1796
91
108
1732
92
107
4236
94
102
1529
95
98
578
100
104
629
