0
265
77037
20
184
29964
23
39
2082
24
47
5351
25
27
378
27
31
640
28
42
1916
29
38
2459
31
33
618
31
48
2805
42
50
1444
46
59
2275
46
92
4913
50
59
1840
54
67
1285
54
280
16823
60
82
2050
66
77
1691
82
95
2503
82
99
3361
85
92
609
86
101
1562
88
116
4296
104
116
1884
113
121
974
120
127
785
120
134
3104
121
133
2827
128
136
1520
150
160
2782
160
173
1393
168
182
3562
170
179
2396
171
186
2353
175
187
2160
178
194
2355
179
194
1560
182
190
2166
182
204
2136
184
194
1265
187
189
545
198
210
1632
211
216
1304
225
237
1094
225
239
2762
230
242
2571
235
253
4983
242
250
1328
244
263
4079
245
254
1266
246
260
2764
248
264
3170
257
274
1637
258
269
1166
264
273
511
265
278
1469
267
275
1238
