0
16
2074
1
6
561
1
11
1315
1
16
2251
1
17
1419
1
48
6903
1
52
6417
2
25
3469
2
60
4626
3
18
1673
3
58
7018
4
24
2209
5
23
2769
7
16
1373
8
11
399
8
23
2864
9
42
9170
11
19
1332
12
23
3082
13
38
6109
14
37
3152
15
21
649
15
24
701
15
30
2544
16
36
3878
16
38
3018
17
27
2736
17
60
5461
18
26
1440
19
22
416
19
25
896
19
28
2599
20
37
2112
21
31
2328
22
35
1843
22
36
2602
22
40
2794
23
28
907
24
57
4303
25
34
1386
26
39
1509
29
36
694
29
42
1910
29
44
1742
30
38
1700
33
46
1001
33
51
2895
37
56
4670
38
52
2655
38
56
2095
39
47
2003
39
50
997
39
50
1294
39
56
3406
41
45
624
43
46
790
43
47
506
45
58
955
46
51
1402
46
59
4035
51
58
1138
