2
16
1520
2
96
8594
3
13
1377
6
130
12890
8
12
562
9
14
914
9
26
1873
12
18
960
14
26
1146
16
31
2167
20
34
3307
20
40
2424
22
35
2296
25
33
687
25
43
3344
26
48
3215
27
37
1670
31
51
3758
32
34
466
35
43
907
35
57
4017
38
53
1400
40
120
14378
42
133
19407
45
50
795
46
69
2292
47
61
1553
54
70
3397
64
73
2452
65
73
2011
66
67
287
69
76
880
69
87
2112
71
88
1474
73
77
392
75
84
2759
77
133
11820
78
87
1720
78
96
3610
85
104
3158
85
108
5936
87
91
461
99
105
786
99
124
5364
102
119
2334
103
114
2666
107
129
2163
109
127
3558
109
129
2734
111
127
4150
112
133
2238
114
123
2205
121
134
1685
122
127
1018
