0
21
2406
2
21
3793
2
22
2277
2
54
9600
5
11
1168
5
12
971
7
24
3267
9
17
955
11
58
7105
14
27
2081
15
23
982
15
28
1946
16
25
1521
18
56
3480
19
30
2297
19
33
2291
20
42
3104
22
36
4110
23
44
5217
24
32
868
24
45
1828
24
46
3831
26
40
2864
28
52
2763
29
37
2050
31
33
562
32
38
1136
33
41
674
36
61
6525
36
83
5005
37
49
1744
41
61
2215
41
83
7127
43
62
1576
48
62
1927
48
62
2941
52
76
3171
54
62
1066
55
68
1355
55
69
1528
59
71
2754
59
77
1574
61
77
1254
65
78
2691
67
75
1095
73
80
1614
74
76
429
74
79
596
76
80
686
77
83
630
