2
23
2868
4
16
1673
6
88
10695
8
99
10582
11
25
2306
12
22
2460
13
20
1477
15
52
3688
16
62
7216
18
40
2366
19
37
1922
19
41
2622
19
53
5645
21
47
6821
22
32
2920
22
37
2120
22
41
4617
29
42
1936
29
48
4117
34
39
367
34
43
1088
34
47
1415
37
45
754
37
56
4303
38
98
5585
40
59
3721
42
50
993
42
52
908
44
57
1493
44
58
1545
47
63
2683
48
64
1648
48
64
3444
49
51
341
49
88
6865
50
61
1009
51
66
2335
52
73
3766
53
72
3201
54
58
923
54
72
2287
56
72
1241
56
72
4232
57
66
2175
58
70
3256
62
84
4662
67
80
2704
67
80
1786
67
87
2386
69
78
1251
69
79
1211
76
90
2539
78
95
2296
79
84
1531
80
84
535
82
89
1552
83
90
1342
83
97
2993
84
93
780
88
89
316
