0
21
1
1
13
1
2
11
1
10
35
1
13
23
1
16
21
1
17
112
1
19
25
1
29
39
1
30
44
1
31
41
1
37
40
1
37
58
1
38
51
1
43
113
1
46
59
1
47
67
1
54
66
1
54
78
1
59
196
1
62
86
1
64
78
1
69
187
1
71
77
1
73
77
1
74
86
1
74
88
1
75
88
1
76
77
1
77
102
1
81
82
1
85
94
1
86
108
1
87
105
1
93
105
1
99
111
1
100
113
1
101
112
1
101
114
1
102
114
1
105
117
1
108
121
1
111
123
1
113
126
1
115
123
1
118
128
1
125
141
1
126
138
1
127
139
1
133
144
1
134
142
1
141
148
1
142
148
1
143
166
1
150
194
1
159
163
1
160
171
1
162
165
1
172
178
1
181
194
1
