0
17
2528
0
156
36274
1
152
15642
3
140
21348
6
18
2887
8
17
790
16
30
2693
17
32
3094
17
112
16905
24
41
3274
26
156
28090
31
50
4413
31
50
2401
31
73
10535
36
44
1072
36
151
17641
41
46
1038
41
61
3304
47
51
414
49
76
2521
72
106
3935
77
98
5204
84
139
5418
90
93
625
90
107
1835
90
111
3336
94
117
3348
95
111
2025
101
122
3940
103
123
2274
104
113
1005
112
138
5113
114
137
6607
118
137
4398
119
126
1865
124
134
2652
125
137
2010
126
137
2238
129
153
6805
133
154
2502
134
152
3950
136
148
1454
137
151
1067
141
147
1297
143
152
1275
143
153
882
146
150
431
