0
93
15822
2
17
1990
4
28
3228
6
13
1383
8
31
2599
8
34
7135
11
21
2692
11
31
4950
13
28
3623
14
25
1514
17
27
2459
19
26
1563
24
28
1144
31
47
2161
36
71
10085
37
88
4899
40
48
1596
40
63
3009
41
48
1220
42
56
1003
46
55
1379
46
56
1267
46
61
2395
47
50
839
47
70
4490
48
60
1153
51
73
3060
53
77
4926
54
68
1819
54
76
6159
55
59
1080
56
61
1133
57
65
1517
57
75
1313
59
71
1564
59
72
1199
62
68
1125
63
77
2721
66
76
1741
70
85
2237
70
88
1962
71
84
1817
71
85
1054
71
91
2750
73
83
2177
81
90
1071
87
89
310
