0
11
1086
0
17
3098
1
14
1322
2
12
2659
3
12
1871
5
10
1073
6
8
584
8
25
2503
9
21
1642
9
30
6299
14
23
1742
14
24
1184
15
20
813
15
28
1370
15
31
3464
15
33
3142
22
30
866
23
28
596
25
101
13047
27
31
1098
32
43
1581
32
106
10097
32
106
5953
35
36
463
39
60
3917
42
107
8196
50
53
454
54
61
885
54
79
3435
57
60
591
58
79
3052
59
81
5301
62
75
1998
63
71
1077
64
65
296
68
77
2120
68
78
997
69
71
376
71
91
3225
72
84
1792
72
91
4098
78
88
1140
79
100
2145
80
85
698
80
94
3217
80
101
4232
82
96
1709
86
104
3384
87
92
816
90
113
2782
91
102
3063
94
109
2440
94
112
2959
95
102
773
96
104
1154
97
103
673
104
110
691
104
124
5428
106
124
3079
108
120
3219
110
118
1729
115
124
1966
119
125
898
