0
6
611
0
13
3512
0
18
1700
0
21
2276
0
54
8555
0
57
7816
0
57
5645
1
12
2427
2
46
11535
2
47
4388
2
54
6825
3
15
3166
3
27
2602
4
13
2322
4
16
1790
4
18
2169
7
16
1709
8
30
2460
9
30
2474
10
46
5234
12
25
1627
12
50
3186
13
23
1236
13
29
4482
14
31
2274
16
36
3599
16
40
4056
18
46
2769
19
25
759
19
42
3927
20
34
2270
20
40
3406
21
35
2404
21
39
1459
23
37
3531
24
38
1449
25
33
1283
26
34
2125
26
37
2043
27
43
2188
29
38
1275
29
57
4784
33
45
1447
36
47
970
38
54
2764
38
54
3265
38
56
5059
40
55
2924
42
49
1417
46
54
1325
48
50
734
48
53
709
