1
122
10003
2
11
1427
2
99
14714
3
8
980
3
28
2818
4
10
635
4
12
2384
9
19
1218
15
25
2503
17
31
982
17
33
2384
18
36
2015
18
36
1384
19
82
7833
21
33
1936
21
42
5268
28
45
2387
31
52
4642
35
48
2471
36
45
1247
36
62
5622
36
110
7020
41
67
3863
43
100
10844
45
48
629
45
49
715
46
64
1763
56
72
2251
57
73
2835
59
71
1943
63
80
3872
63
117
8960
64
77
1099
67
88
1919
70
76
610
74
81
1687
76
89
1752
78
79
286
78
89
3122
80
92
1442
83
92
2299
83
98
3226
86
93
1209
90
96
537
99
115
4265
103
115
3235
104
116
1620
105
116
3322
108
116
1185
