0
142
20659
0
147
14782
3
126
17843
5
21
3286
7
19
2166
8
26
2367
11
37
4922
12
20
1923
12
24
3685
13
21
1406
13
145
27476
14
23
1453
15
35
5034
16
36
2272
18
30
3057
24
40
4014
24
41
1575
25
108
13284
31
39
1063
31
46
3212
32
38
890
32
39
1116
32
39
2178
33
54
1785
41
56
1533
42
47
488
43
54
2117
45
49
945
47
59
2116
49
57
1583
50
77
3668
56
65
1235
62
71
2163
63
71
1356
63
72
594
68
91
3578
70
76
1062
72
141
17292
73
77
459
74
82
1755
75
89
3541
82
91
1492
88
110
2724
88
111
2899
88
120
3124
92
107
2042
93
102
1292
97
102
625
99
113
1975
99
116
2992
107
108
195
113
124
1958
116
124
1856
118
126
1335
118
143
2783
119
127
911
123
143
2738
128
134
491
133
143
1326
