0
23
3237
3
23
4168
5
11
778
10
25
1673
23
43
1388
24
37
2525
32
229
45769
33
40
1569
43
58
3898
44
53
1195
44
143
19866
45
55
2459
53
62
2265
61
72
2390
62
85
2245
63
286
30490
66
93
3569
67
81
2160
67
83
1441
78
155
22402
83
87
819
90
93
508
91
97
835
91
104
2864
92
96
532
92
241
28330
98
106
700
117
139
2896
118
126
868
124
129
1046
127
145
3343
128
140
3440
132
145
3231
134
140
1178
134
150
2870
136
138
550
137
149
1852
138
150
2081
141
163
2692
149
173
2668
150
163
1617
152
172
3544
155
159
315
160
178
2557
166
185
4518
169
180
2659
170
177
649
182
196
3949
190
213
2374
209
220
1437
209
231
4073
217
226
2715
231
234
314
231
235
804
231
239
2134
238
256
2618
246
258
3199
252
261
1110
271
283
1857
281
285
385
282
285
430
290
291
137
298
301
324
