0
12
2405
0
101
18439
1
14
2785
1
97
17764
5
20
2700
6
19
864
7
23
4160
7
25
3158
8
28
4613
13
29
3253
13
83
11986
14
23
1537
19
83
5613
22
34
2219
23
36
1184
24
81
14073
25
38
2236
27
52
6914
28
52
3260
30
56
4883
32
40
2234
32
46
1513
35
53
2482
36
43
1262
36
54
4131
39
45
1632
40
51
1361
42
59
2074
42
83
5173
43
53
2518
43
61
2615
44
69
2589
45
54
1762
46
53
876
50
60
2245
51
64
1318
54
63
696
55
71
2473
58
72
3107
59
70
1754
59
78
2609
67
69
823
67
80
2158
69
92
5574
71
92
5454
73
95
3142
84
89
1457
84
92
613
84
94
2057
86
97
837
93
94
550
