2
5
503
2
6
883
2
16
2851
2
18
2721
4
13
1381
4
19
3636
4
20
1831
5
27
1668
6
32
3024
7
13
684
7
50
6770
8
16
1215
9
42
3654
10
28
2651
11
20
1373
11
22
1393
11
24
2626
11
31
1341
12
14
494
12
34
2719
13
24
1493
13
30
1104
17
23
1053
17
30
2917
19
28
1141
19
31
2410
20
22
450
20
33
1273
21
29
968
21
29
1505
21
32
2609
25
26
495
25
44
2063
26
39
1534
27
41
2991
28
34
1444
28
46
5280
29
39
636
30
49
1828
30
49
3681
33
45
1231
33
48
3801
37
50
1210
38
41
396
40
48
1451
41
48
1677
43
48
1171
43
54
1748
47
57
1102
48
53
665
50
55
1047
51
55
933
