2
8
809
2
14
2649
13
24
1558
19
29
1687
21
41
2141
22
38
2200
31
43
3164
32
37
716
32
152
34998
33
42
1095
33
44
2447
34
35
177
35
40
784
35
55
4259
48
158
29855
69
218
13161
72
114
5587
73
75
493
79
92
1113
85
101
3099
88
278
34984
90
109
1473
96
106
1629
114
125
3442
120
136
3948
121
126
1632
139
148
1803
139
151
2939
139
165
4815
144
224
11148
146
158
2670
152
165
3303
154
162
1427
159
169
1265
166
184
4766
168
182
1484
171
183
2040
181
193
1523
187
223
5691
197
217
1384
201
207
1346
207
234
2484
209
217
2361
209
228
2085
211
213
644
215
235
1790
219
230
2429
228
244
2348
234
238
571
235
238
412
238
261
6049
246
258
2384
259
273
1752
262
277
2075
267
276
1866
272
283
2503
278
289
2142
280
292
2193
283
288
1087
