1
11
992
1
13
3112
4
18
2357
4
19
3846
5
27
3849
5
93
13022
7
22
1348
7
24
5025
8
21
1295
9
16
1770
16
26
1952
19
34
3163
19
38
1868
21
27
1556
21
41
3051
25
33
1142
27
31
470
30
36
1070
31
34
572
34
63
7172
35
47
2742
35
50
2185
36
44
558
38
42
490
38
54
3451
39
46
1048
40
55
3155
40
58
1655
41
65
3085
45
49
987
47
61
2888
48
64
3637
51
68
2606
52
88
6042
56
74
3693
57
72
2342
58
61
529
62
69
1189
62
75
1820
63
69
697
67
79
2202
70
87
2244
71
80
2537
73
81
1044
73
85
2493
78
82
839
78
84
583
80
90
843
82
86
468
