1
16
2419
3
15
2217
4
17
2127
4
58
10139
5
19
3405
6
27
4589
7
13
1933
8
17
555
9
28
4802
10
29
2649
10
31
4686
10
75
16341
10
77
12126
14
24
2416
14
33
4716
19
63
9708
20
27
1683
20
27
860
21
49
2254
24
34
2956
25
42
3647
25
50
6553
26
43
2167
26
44
1429
26
47
4720
27
48
2377
28
34
1373
29
35
1026
29
38
1994
30
44
2116
33
51
3057
33
59
5046
35
54
2589
36
63
6876
37
51
2076
38
47
1419
40
47
1381
45
65
3083
45
69
1953
46
68
2879
48
58
1104
48
72
2715
49
50
215
49
66
1391
49
67
2361
51
64
1124
53
62
1786
54
61
1749
54
65
1204
59
67
1390
60
86
6565
64
79
1925
65
81
1721
66
87
3102
66
87
2431
67
84
2023
68
84
2090
72
80
1222
72
82
1551
73
90
1371
74
79
529
76
83
792
76
87
1915
83
91
783
