2
4
552
7
22
1799
10
23
1826
21
41
3587
46
58
1976
54
75
5407
56
596
67968
62
77
2591
64
70
1394
73
77
847
91
101
2167
110
130
4300
118
127
2183
119
139
1715
130
144
4128
161
180
2092
178
182
901
189
197
1996
193
202
924
196
219
2746
203
212
1041
205
232
4741
206
217
1189
208
219
1705
210
223
1693
221
227
1140
226
240
3147
233
238
826
238
253
1560
258
270
3437
285
306
3912
295
304
1617
327
339
3557
327
342
1794
345
353
1368
364
369
640
364
373
1018
382
392
1550
385
405
1446
403
425
4050
406
425
3070
411
429
2274
420
445
5577
427
617
35672
434
454
1397
441
460
2733
445
463
2179
450
474
3375
452
462
900
472
478
831
477
495
3344
485
505
4443
487
490
997
508
527
2653
519
525
926
526
535
893
545
557
887
545
564
2434
551
556
733
560
581
3345
572
579
1067
573
582
2261
