0
16
2385
1
5
556
2
66
16381
4
11
1240
5
24
2531
6
11
1166
8
18
2652
10
21
1526
12
21
1950
13
22
962
15
24
2516
16
23
1124
16
31
2563
19
35
4413
21
43
1561
23
27
558
23
37
2577
26
42
3130
28
33
357
29
44
3432
32
53
4037
35
60
2915
35
72
4842
36
46
1164
38
46
1923
38
52
2380
39
61
2096
40
53
1535
49
61
2379
50
72
2856
51
63
1728
52
64
2381
54
58
1288
60
74
1540
61
71
1364
63
71
1551
64
84
3563
65
89
6684
68
74
839
70
88
2440
71
85
1899
72
77
950
75
87
2687
76
98
3172
77
92
1467
79
85
1064
82
91
1057
84
93
1023
86
91
1072
87
97
2348
