0
11
1
1
8
1
1
15
1
2
27
1
8
171
1
46
73
1
55
67
1
57
224
1
61
262
1
62
73
1
63
83
1
65
72
1
67
86
1
70
87
1
71
198
1
76
97
1
95
103
1
100
109
1
103
111
1
103
112
1
108
113
1
108
117
1
109
118
1
115
126
1
117
124
1
119
127
1
122
123
1
122
133
1
130
139
1
131
145
1
133
145
1
144
167
1
161
181
1
162
169
1
162
179
1
163
176
1
164
181
1
170
174
1
170
180
1
171
182
1
172
194
1
173
182
1
173
186
1
173
191
1
174
178
1
178
182
1
183
199
1
194
211
1
199
202
1
204
210
1
211
235
1
233
244
1
235
236
1
237
253
1
