1
22
2077
2
20
4740
4
15
1784
4
16
2619
4
89
10822
5
26
3384
6
12
1305
7
12
443
8
49
6218
8
95
11994
11
30
3125
17
19
474
17
27
1234
18
29
1420
21
74
6072
23
46
2053
23
92
6990
24
36
2740
24
36
3567
24
37
2548
24
37
1336
26
40
2012
28
51
1931
29
38
2236
29
49
2321
31
37
678
31
41
1472
31
88
9621
32
37
742
32
38
1974
35
52
2643
36
48
2787
36
51
2501
38
42
1150
39
63
4834
45
64
2184
45
67
1933
45
80
5855
48
56
1087
49
70
4402
55
69
2870
56
67
1527
58
64
985
58
75
1409
60
70
2268
61
72
1290
61
73
2548
62
84
1825
66
80
2911
67
84
1625
69
82
1929
70
84
1200
72
92
1545
74
75
171
79
90
760
82
86
829
84
94
1410
93
97
1113
95
98
783
