1
6
620
4
78
10897
6
13
1384
6
16
1197
7
14
967
8
24
2616
9
21
1390
9
26
983
9
32
2446
10
14
1113
10
17
602
11
85
9060
13
67
10462
18
34
1523
19
26
1363
19
31
1640
20
25
1222
23
34
1286
26
31
775
27
32
957
27
37
1595
28
35
470
36
50
2056
39
47
1748
41
81
7494
42
59
1424
43
50
575
44
50
1328
47
56
1262
49
64
869
50
66
1937
54
67
2909
56
72
3217
62
73
2653
62
81
3697
63
80
2322
64
75
2272
66
77
776
68
82
1674
70
87
2180
70
89
4798
71
92
2112
73
96
6423
74
91
1591
74
94
2227
77
85
826
77
90
895
80
86
1883
86
96
2031
