15
38
2732
16
17
350
16
23
847
16
30
3520
22
43
2603
28
34
1152
29
46
1896
30
52
2122
32
50
2918
33
43
2034
34
36
515
37
44
620
39
48
837
45
59
1487
49
66
3412
53
63
1853
57
62
1276
57
65
2334
63
174
6681
92
109
2263
104
110
874
116
127
1289
120
123
635
120
128
1608
124
134
1902
125
130
887
133
141
1807
135
142
943
136
142
802
144
148
1141
144
148
677
146
170
3627
147
168
1765
153
163
2381
164
169
1139
164
172
1986
169
170
151
171
180
1032
191
205
2170
198
207
2233
200
213
1717
201
218
1602
204
211
1130
205
221
3801
207
218
2907
