0
11
1
0
17
1
1
14
1
2
12
1
3
12
1
5
10
1
6
8
1
8
25
1
9
21
1
9
30
1
14
23
1
14
24
1
15
20
1
15
28
1
15
31
1
15
33
1
22
30
1
23
28
1
25
101
1
27
31
1
32
43
1
32
106
1
32
106
1
35
36
1
39
60
1
42
107
1
50
53
1
54
61
1
54
79
1
57
60
1
58
79
1
59
81
1
62
75
1
63
71
1
64
65
1
68
77
1
68
78
1
69
71
1
71
91
1
72
84
1
72
91
1
78
88
1
79
100
1
80
85
1
80
94
1
80
101
1
82
96
1
86
104
1
87
92
1
90
113
1
91
102
1
94
109
1
94
112
1
95
102
1
96
104
1
97
103
1
104
110
1
104
124
1
106
124
1
108
120
1
110
118
1
115
124
1
119
125
1
