1
5
794
2
11
2061
11
14
518
12
19
2212
12
63
3207
15
30
2585
16
33
2081
21
25
675
30
179
15033
31
129
20747
35
43
2210
39
69
6419
40
51
1795
41
67
3889
42
51
1063
42
66
6591
42
96
10326
46
59
1168
51
58
907
51
62
1085
62
64
651
62
77
1418
62
81
2812
71
94
3262
72
85
1307
75
78
426
77
81
915
77
97
3466
82
97
2024
85
92
1824
86
96
882
89
109
3004
96
101
1253
109
110
322
116
122
858
126
144
1619
127
135
1461
131
148
2445
132
139
1606
132
143
1962
136
148
1123
136
157
4423
138
153
2714
140
166
4086
141
146
1233
142
149
782
149
159
1124
149
165
2786
150
170
1781
152
168
1109
154
164
1548
158
177
3677
159
176
2728
163
169
1783
