4
11
1061
6
15
2114
7
116
19356
8
14
859
9
59
6958
10
11
202
11
18
475
12
22
804
23
40
2449
26
49
3803
28
41
1864
28
48
3112
29
120
10365
32
55
3818
39
49
1373
39
78
8871
40
46
685
44
66
4398
45
56
1634
46
56
1845
48
58
756
48
65
3007
48
68
1859
49
65
4304
49
65
1757
52
62
2318
53
62
1212
54
63
2814
56
65
2560
59
70
1150
61
69
729
62
72
2130
62
74
2980
63
75
1461
69
138
12087
70
83
1766
72
84
1869
75
85
1901
77
88
1874
78
93
1735
80
94
1820
83
111
2970
86
90
508
87
94
1856
91
114
2587
98
111
2193
99
111
2953
102
111
2219
104
119
1410
112
121
713
113
115
476
118
142
3878
120
133
1830
124
134
2285
129
141
1437
133
140
1040
133
141
1667
133
142
1885
