0
15
3657
2
10
781
3
16
2680
4
95
16202
4
120
8710
6
18
2291
7
107
21798
8
16
1723
9
30
2549
12
26
3354
12
28
2547
12
29
2705
13
35
2460
14
32
2203
17
92
16146
18
34
1708
22
44
2427
26
42
2925
26
48
3456
28
31
1141
30
85
6959
33
39
598
33
43
2222
34
41
1396
36
50
1564
36
50
1707
41
50
1171
48
56
1517
48
105
7817
52
76
5436
53
73
3420
55
63
1034
56
62
1508
56
75
1525
61
74
1595
63
79
1919
67
88
3177
68
81
2361
70
89
4061
71
78
932
73
81
1031
74
88
963
75
86
2843
76
78
447
76
99
1896
77
101
2872
78
88
2000
78
90
1534
78
96
3596
79
100
4592
83
98
3231
91
105
2230
92
115
2789
93
96
483
95
118
4050
98
109
1398
99
111
2632
101
105
674
103
121
2518
104
113
2391
108
121
1902
