2
11
1360
3
213
29787
9
216
21993
14
91
5685
15
27
1761
17
34
3102
18
43
4413
24
32
1264
30
48
3870
40
61
5165
52
75
2511
55
60
465
58
72
2763
59
76
1347
62
72
1961
65
77
2660
68
73
655
70
136
9672
71
77
681
71
88
1813
75
86
1583
78
88
1725
80
101
2181
87
93
637
88
98
1707
98
104
1840
102
114
1037
115
134
2756
118
134
1687
124
160
9910
133
158
2633
134
139
1158
135
144
2280
150
164
1174
152
156
563
155
171
4193
157
166
821
158
175
5365
161
166
452
175
182
612
185
197
1513
193
198
1455
195
209
2896
202
206
1071
213
222
1454
