6
221
45066
13
230
22107
27
187
34060
27
199
33645
29
35
1368
43
54
1453
51
68
1695
52
65
1148
54
55
206
56
65
1238
58
64
898
59
66
904
63
80
3018
64
82
2070
66
83
2148
72
73
398
73
92
1664
76
83
819
78
83
1385
82
93
1443
89
101
3063
93
102
1420
93
106
2582
103
114
1393
105
117
1044
107
124
3754
117
132
3383
125
139
2389
125
143
2415
125
147
3107
126
139
2218
132
136
920
142
157
3216
152
164
1401
154
168
1401
156
160
613
162
165
752
165
181
3976
165
221
10358
176
184
1404
177
190
1242
183
189
896
187
200
3770
193
208
3343
214
229
3628
215
228
1274
217
231
1498
218
222
1057
222
226
740
227
230
501
