2
6
387
2
6
787
10
23
1647
10
143
11060
13
32
3054
16
37
2937
19
26
848
20
43
2062
21
43
1738
30
165
38802
31
188
21700
32
211
19360
55
75
2426
60
68
792
60
77
3310
69
79
2461
83
105
4040
96
98
574
101
106
624
105
126
1739
105
129
6739
107
109
455
115
129
3768
123
131
1384
144
147
335
144
168
6170
146
150
902
147
161
3626
148
154
1195
149
161
2207
161
172
2318
164
179
1642
170
178
2051
170
193
3263
172
180
1698
173
186
1290
175
189
1808
187
190
876
187
201
1960
188
205
1903
190
203
2135
195
204
1462
199
204
1303
200
219
3348
