0
12
1462
0
94
12587
3
17
3702
3
72
5262
4
9
397
4
41
6605
5
14
1904
8
19
1513
9
13
640
9
17
1249
10
23
2734
11
67
7684
11
93
9148
12
47
9327
13
30
1702
16
29
1841
20
34
1548
20
39
2376
21
34
3426
25
35
801
25
39
1851
34
40
1229
36
50
1861
36
51
3488
37
45
1299
40
60
3010
45
48
464
45
55
983
49
59
989
49
72
5990
49
73
3535
50
56
1409
50
58
1687
50
60
1336
53
64
1813
53
66
3640
57
71
3099
60
68
1312
60
79
3776
61
67
437
61
73
2317
63
66
558
69
76
1232
70
81
1935
72
82
1371
76
88
1536
78
85
1397
79
94
3273
