0
44
8865
1
8
805
1
15
3280
1
21
3153
1
24
6522
4
11
1610
4
13
987
8
13
689
8
30
1972
9
25
3239
10
22
2536
10
51
6167
11
22
1908
12
44
5908
13
42
6710
16
29
1585
17
25
692
19
35
3711
19
45
4504
20
24
798
21
24
355
21
30
1223
21
37
1919
22
34
2426
23
38
4380
23
39
2039
23
41
2908
23
45
4598
23
45
2119
24
29
850
24
34
1969
25
38
3427
25
46
2336
27
30
667
27
45
3827
29
44
4596
30
41
1858
31
40
1290
31
43
1536
31
48
1774
32
44
1077
33
38
631
33
46
2098
34
49
3938
35
41
1030
36
48
1973
37
48
1097
38
40
252
38
44
996
38
45
699
39
53
2258
40
54
2522
41
50
1325
42
50
1444
46
53
1189
