12
29
2619
27
44
3259
31
322
53319
33
45
1479
33
443
62157
39
53
2526
56
72
2555
57
66
1414
59
65
807
61
74
1632
66
79
3432
70
79
1026
76
433
41064
78
101
3386
79
102
2419
79
418
67122
85
96
1279
90
462
47980
92
105
2883
92
111
4215
104
109
565
114
134
4885
123
127
878
138
144
1395
143
160
2220
163
178
3458
171
189
2525
174
187
1939
180
196
1768
183
190
1279
190
196
1344
238
247
2412
239
249
1925
244
254
1022
261
276
2812
285
300
1374
288
296
813
309
323
2637
312
337
5458
321
331
1786
349
361
1081
360
362
661
360
374
1889
382
400
2645
408
417
1348
452
478
2216
460
467
1426
461
467
1725
