26
34
1
29
47
1
32
37
1
43
49
1
55
554
1
60
560
1
62
78
1
64
344
1
66
78
1
74
89
1
82
94
1
85
101
1
99
110
1
104
106
1
108
130
1
112
131
1
119
125
1
119
131
1
122
131
1
125
151
1
153
164
1
163
178
1
164
171
1
180
197
1
188
197
1
188
202
1
191
589
1
217
227
1
261
275
1
262
271
1
265
289
1
274
295
1
282
301
1
289
299
1
299
321
1
300
312
1
328
348
1
339
354
1
379
384
1
381
562
1
386
392
1
390
394
1
394
412
1
400
411
1
408
420
1
413
420
1
440
460
1
452
465
1
463
481
1
465
476
1
476
490
1
476
495
1
498
500
1
505
520
1
511
535
1
531
543
1
536
538
1
551
564
1
560
572
1
562
586
1
562
590
1
600
615
1
607
627
1
