0
4
348
0
7
1920
1
9
846
3
9
1765
3
17
1275
3
53
8267
5
41
9270
7
32
2710
8
21
2553
8
27
4142
9
54
8263
10
34
5966
10
52
7986
12
23
1700
12
32
3535
14
18
653
14
25
1724
14
32
2254
15
16
504
16
23
1985
17
26
1243
17
34
2278
18
33
2269
19
30
2087
19
31
1839
20
30
1243
21
39
1566
21
46
5422
22
43
6436
24
30
958
25
35
913
26
39
2254
26
39
3608
27
46
3977
28
36
825
28
48
2686
30
41
1188
30
46
2711
30
49
3674
31
42
1930
31
54
3266
32
50
2575
34
36
764
34
48
1980
35
46
1049
38
46
1518
38
49
1729
43
50
1019
49
54
810
