0
3
749
2
107
11143
5
14
1247
10
13
946
14
33
3276
17
34
2731
17
63
10508
18
23
1480
18
39
3283
18
42
2706
19
36
2656
25
32
1360
26
46
1860
26
47
1389
30
42
2732
31
47
2209
33
42
2014
35
47
2920
39
56
3110
39
61
2083
40
44
714
40
45
996
43
44
171
44
48
392
47
56
1055
47
59
909
47
61
1753
47
61
2361
49
57
1556
50
75
2951
53
109
3671
54
67
1403
55
63
639
56
70
2402
61
88
1587
62
73
1756
64
68
1038
64
75
1101
64
84
2076
66
73
1785
66
75
1781
66
77
1675
73
86
2707
74
82
1095
74
87
3092
74
99
7419
77
88
1020
79
90
1766
80
91
1442
80
97
1749
82
93
1129
82
97
2846
95
105
1498
100
110
1318
100
113
3298
105
111
785
105
115
1896
110
111
328
111
117
832
113
116
454
