1
5
1
8
19
1
10
13
1
11
241
1
12
21
1
12
28
1
26
165
1
29
251
1
30
33
1
31
52
1
42
66
1
42
187
1
43
56
1
55
68
1
57
72
1
61
69
1
65
89
1
66
75
1
69
78
1
78
270
1
80
96
1
93
119
1
101
109
1
102
104
1
103
116
1
105
297
1
106
120
1
113
125
1
117
279
1
121
122
1
131
290
1
132
137
1
133
143
1
134
145
1
136
155
1
139
148
1
140
159
1
140
198
1
156
203
1
159
161
1
161
187
1
189
204
1
207
221
1
212
226
1
212
238
1
213
225
1
219
238
1
226
245
1
233
238
1
235
249
1
244
256
1
253
265
1
255
263
1
258
267
1
262
284
1
275
276
1
275
286
1
283
298
1
284
292
1
285
290
1
290
299
1
