2
6
1
4
122
1
5
17
1
6
14
1
7
30
1
10
14
1
10
26
1
12
27
1
14
22
1
14
95
1
15
23
1
23
38
1
25
123
1
28
38
1
31
40
1
31
40
1
31
46
1
33
42
1
34
60
1
37
52
1
37
55
1
40
48
1
40
61
1
46
61
1
47
59
1
49
63
1
49
108
1
54
55
1
54
74
1
57
67
1
58
75
1
58
81
1
62
66
1
63
75
1
63
99
1
65
71
1
68
101
1
69
80
1
70
72
1
71
82
1
73
96
1
74
90
1
78
101
1
80
93
1
82
103
1
83
95
1
83
97
1
84
93
1
86
99
1
86
103
1
88
98
1
89
109
1
92
105
1
93
118
1
95
106
1
98
101
1
99
118
1
101
113
1
102
120
1
105
113
1
108
110
1
119
122
1
