0
9
1181
0
28
2124
1
12
2873
1
67
10976
3
12
1564
5
25
3228
7
22
1304
9
20
2425
12
23
1905
12
31
4879
13
21
1780
13
33
2533
13
65
8515
14
23
1186
17
37
3086
19
37
1839
19
55
2529
22
58
4047
23
38
2083
24
67
5454
25
35
1447
25
46
2525
26
45
2037
27
43
1982
27
48
1861
30
44
1432
31
34
803
31
58
5722
32
51
1292
35
43
617
39
52
2039
39
57
3068
41
45
760
41
45
751
41
53
1085
41
58
3645
45
53
855
46
55
2493
48
63
4017
49
62
1642
51
59
2148
51
61
1343
51
67
1345
52
64
1109
53
63
2114
55
63
642
56
66
1708
