1
18
5045
1
39
4239
2
7
1008
3
17
2111
4
8
968
4
11
1672
5
9
790
5
28
6546
6
16
688
7
22
1780
7
75
14486
9
22
2622
10
23
1669
10
77
8727
11
24
1819
12
30
3322
12
62
6277
14
20
722
14
28
2197
15
29
1987
16
33
2595
17
33
1411
18
71
9271
20
32
2728
21
38
2739
21
40
3898
26
30
836
30
38
1699
30
45
1757
33
42
1858
34
42
839
38
50
1043
39
60
3505
40
49
1929
43
59
3002
43
60
3210
43
65
2633
45
53
782
45
64
1478
47
59
1168
47
62
4180
50
54
590
50
61
3057
50
65
2578
54
55
478
54
63
1132
55
69
1681
55
72
2495
58
76
2996
59
74
1295
61
75
2586
62
76
2737
65
70
1534
72
74
699
74
77
586
