6
9
937
6
17
1476
20
30
2654
26
33
1290
26
37
2067
31
231
28121
42
313
72846
50
54
762
69
80
3054
72
90
2839
73
85
3619
91
106
2833
95
113
3313
96
113
1775
97
114
1938
103
127
2970
104
108
382
104
118
2565
105
127
2458
107
125
3133
108
115
1879
113
126
2832
122
132
1793
128
132
666
131
142
2118
142
146
320
144
169
2841
145
160
3767
152
162
1287
153
170
4443
159
179
3242
165
182
4169
165
187
1785
170
181
2241
179
182
585
179
189
1488
187
197
1409
190
212
3772
191
201
1508
196
218
3405
198
217
1378
204
214
1510
205
212
1382
206
208
521
207
226
3319
209
215
704
215
230
2092
220
226
704
223
233
1421
239
258
3695
241
246
1144
246
265
2404
248
255
1069
252
259
808
265
281
4403
266
271
412
272
277
639
274
285
1467
283
301
1993
286
294
935
295
309
2113
298
309
1243
302
311
2070
