6
14
1181
29
52
5291
42
44
211
52
59
1212
74
100
2996
87
96
1177
104
120
2371
107
120
1536
125
134
1941
134
143
1054
136
143
564
141
155
1406
150
168
1484
170
187
4323
184
202
3812
186
190
928
195
206
1270
197
204
1045
197
209
1447
199
212
1989
213
228
2644
225
233
904
271
313
9901
280
284
689
288
308
2506
300
324
4568
305
316
1676
319
321
582
329
341
1596
330
347
1728
333
353
1962
337
357
6207
337
359
2509
340
360
5466
343
360
1987
347
353
1841
366
377
2209
370
372
297
374
377
702
376
398
2576
