11
438
47198
12
168
31638
38
45
941
65
89
3160
66
74
1625
66
82
2295
72
78
869
73
91
2838
83
87
819
85
426
37772
89
113
2551
115
141
6474
117
121
1009
117
125
877
123
245
15725
124
147
3648
135
144
1321
155
169
3297
165
178
1734
172
180
1131
175
179
522
190
207
2843
191
304
15763
206
219
1139
223
236
1686
223
238
3589
234
240
987
289
299
2202
309
400
11587
310
328
3391
320
324
820
322
336
2300
331
341
1644
340
356
3860
340
356
3872
358
375
4237
363
367
460
381
390
1005
393
402
2197
403
417
2014
414
420
499
420
435
1826
438
448
918
440
459
1415
441
450
1217
443
453
1683
