0
92
16336
1
103
11427
4
106
14647
8
16
1798
8
24
1214
11
28
2870
12
81
12113
16
26
2726
17
91
9830
18
42
3622
20
25
599
21
25
727
23
34
1284
24
34
1993
30
37
2006
31
48
2424
31
51
4984
33
43
1700
35
37
480
40
41
495
44
46
212
44
54
2555
46
53
852
46
66
1921
46
80
5297
47
49
282
47
63
2121
49
60
1124
54
66
2567
55
65
2311
66
72
572
69
73
1001
77
89
943
78
79
302
79
98
1593
82
85
440
82
97
1521
84
95
2139
86
95
1601
87
91
1110
87
107
3807
90
108
1937
93
104
1826
94
108
1597
96
107
2054
97
110
2269
