0
15
3423
0
18
5219
0
18
4020
1
3
572
1
23
4469
5
20
1660
5
25
2166
6
14
1127
6
22
2267
6
24
4455
7
18
2457
7
64
5615
9
58
6155
10
69
11214
13
31
2589
15
24
2197
16
22
1597
16
40
2692
18
33
1652
18
37
1578
19
30
3119
20
31
2175
21
32
1028
23
38
1588
23
38
1977
26
33
816
26
39
2776
26
41
3546
28
67
4235
29
36
949
32
44
1403
33
57
5793
34
49
1805
35
52
4418
37
42
1092
38
67
2499
41
54
1839
41
61
4584
42
56
1638
44
56
2662
44
67
4447
48
57
1677
50
65
4090
51
57
1377
51
58
1453
51
64
2032
51
67
2046
54
64
1814
54
67
2352
54
71
3565
56
66
1648
57
72
2895
58
73
1644
61
66
891
62
67
1113
64
70
1388
68
69
350
68
73
936
68
73
921
