0
10
1102
0
72
7995
2
7
974
2
54
13277
4
12
1407
4
28
2723
5
14
997
7
29
5063
8
34
5742
11
26
1847
12
20
1868
12
25
1794
13
31
2536
14
23
855
14
64
6121
15
26
2697
15
34
2513
15
37
2070
17
25
1090
17
33
4030
18
27
1829
18
28
2085
21
32
1868
21
39
4060
22
41
3657
22
48
3242
24
32
1863
25
51
4443
27
28
300
30
45
3827
32
38
1187
32
42
1854
33
40
996
34
40
619
34
42
526
34
52
3988
37
49
994
38
58
4834
39
58
1979
40
55
3503
41
54
1585
41
55
3218
42
46
517
42
49
1226
42
66
4867
44
56
1381
47
52
745
50
63
1740
50
67
2179
52
59
1061
57
70
980
58
66
1988
60
68
1152
61
64
846
61
65
437
61
68
1605
64
71
1176
64
71
1057
