1
10
1
2
13
1
3
9
1
4
28
1
6
14
1
7
116
1
7
126
1
10
36
1
11
30
1
11
126
1
13
31
1
13
99
1
14
28
1
15
25
1
18
21
1
19
61
1
20
23
1
23
32
1
27
36
1
27
56
1
28
122
1
38
53
1
39
48
1
43
59
1
46
54
1
46
58
1
47
61
1
47
69
1
49
59
1
50
53
1
50
54
1
51
62
1
53
69
1
62
76
1
65
74
1
67
70
1
67
77
1
68
89
1
69
75
1
69
83
1
69
86
1
75
85
1
75
91
1
76
83
1
76
101
1
83
96
1
85
95
1
85
95
1
89
96
1
90
95
1
96
108
1
98
121
1
99
124
1
101
110
1
103
117
1
105
117
1
108
115
1
108
115
1
110
121
1
110
125
1
112
119
1
114
127
1
118
122
1
122
127
1
