1
51
4692
2
13
1278
5
129
25501
6
18
1264
6
134
15852
8
137
24186
14
25
2403
14
30
1537
14
110
18099
14
125
25244
19
32
2247
21
38
1463
24
32
2050
28
47
3183
30
44
3601
38
48
1315
38
62
2846
45
52
563
45
55
1279
45
62
3017
45
100
8716
48
53
1442
50
66
1944
52
73
5875
61
77
2564
64
85
2368
67
81
3079
67
83
2689
67
83
2142
69
81
1919
69
92
1997
70
83
3603
77
98
1868
78
92
2662
78
96
2948
79
94
2308
79
98
2661
82
97
1832
84
92
877
84
96
2045
93
120
3818
98
112
2025
101
112
1819
101
114
3195
101
117
2764
103
123
5625
107
115
1725
107
133
7137
112
123
1120
115
124
1999
119
136
2593
120
129
1713
124
137
2400
124
145
5495
127
135
1020
129
147
4869
130
141
2403
140
144
765
145
147
205
