7
13
1042
19
31
835
21
36
1746
30
198
15992
46
145
12161
47
54
1182
49
65
3976
121
265
11682
130
146
2439
135
143
913
151
165
3527
158
164
843
160
164
1008
165
453
31126
177
189
1111
188
189
530
190
216
2705
205
516
32002
209
219
1192
221
242
5144
236
254
4067
240
246
1646
240
252
3791
244
265
1501
247
264
3415
249
266
2999
253
264
2800
259
264
792
272
282
1700
272
289
4565
281
292
758
290
309
1360
293
297
829
304
311
816
311
314
728
321
428
5884
323
338
2934
366
379
2332
378
391
2667
380
393
1249
396
405
688
400
410
1350
412
427
1805
418
441
3952
431
442
3191
436
452
3185
447
462
1459
448
462
2959
455
476
1733
471
492
3478
503
515
1966
514
521
789
525
529
754
