1
10
1944
2
13
1752
3
9
1735
4
28
2684
6
14
1502
7
116
12687
7
126
21363
10
36
3498
11
30
4231
11
126
11900
13
31
2409
13
99
8805
14
28
1605
15
25
2339
18
21
704
19
61
6574
20
23
678
23
32
2378
27
36
1199
27
56
1980
28
122
17603
38
53
3863
39
48
811
43
59
1194
46
54
982
46
58
1479
47
61
1625
47
69
5479
49
59
990
50
53
354
50
54
956
51
62
2392
53
69
1524
62
76
3368
65
74
1860
67
70
538
67
77
887
68
89
1942
69
75
808
69
83
3384
69
86
3314
75
85
2435
75
91
1831
76
83
1081
76
101
2559
83
96
3247
85
95
2101
85
95
1116
89
96
1222
90
95
850
96
108
1430
98
121
2299
99
124
3319
101
110
1388
103
117
2096
105
117
2678
108
115
665
108
115
714
110
121
1008
110
125
3179
112
119
1291
114
127
1527
118
122
554
122
127
975
