0
9
1814
0
15
3105
0
21
2663
1
15
2410
3
10
931
4
101
7251
5
13
1287
5
30
3021
7
13
818
7
15
1352
9
24
2598
10
18
1257
15
25
1171
16
23
1171
18
36
2322
19
41
2087
20
30
2233
21
31
944
23
42
1734
23
47
2125
24
35
1633
26
38
1508
28
32
904
29
39
1971
30
68
4320
31
54
4622
35
47
1892
35
59
2860
36
52
2144
38
47
877
38
55
3228
40
51
1350
41
48
1410
41
55
2962
51
63
3442
52
54
649
52
61
2016
54
57
653
56
64
1196
57
62
1307
58
64
1362
58
79
4626
59
61
293
59
67
945
61
73
1405
64
68
727
66
86
4274
67
89
3017
68
71
520
70
96
3305
72
96
5174
75
88
2191
77
88
1909
77
92
2150
77
95
2282
77
100
5478
78
87
784
79
96
2386
80
90
2743
85
98
1365
88
97
1577
