2
16
1
15
36
1
17
45
1
23
251
1
25
32
1
28
37
1
34
201
1
34
325
1
52
65
1
56
322
1
58
80
1
101
107
1
110
117
1
122
142
1
125
133
1
128
135
1
133
140
1
144
235
1
145
154
1
155
166
1
181
198
1
186
198
1
201
219
1
211
484
1
225
377
1
232
239
1
236
255
1
241
262
1
263
274
1
284
291
1
285
298
1
300
306
1
310
319
1
321
330
1
335
355
1
344
354
1
353
367
1
355
358
1
361
372
1
367
482
1
373
384
1
399
411
1
404
410
1
422
454
1
425
429
1
429
441
1
433
450
1
444
462
1
482
506
1
491
498
1
496
510
1
499
517
1
506
513
1
