0
4
409
0
11
1595
1
2
324
1
14
1239
1
69
9949
3
18
1398
4
14
1823
4
63
4220
6
23
2138
6
27
2796
11
21
2914
11
27
3501
12
59
5137
12
69
7431
15
21
851
15
24
2396
16
24
1514
19
29
1347
20
27
873
21
34
3247
22
33
2841
27
31
879
27
34
1262
27
36
1660
29
37
1638
29
44
3921
30
47
3187
31
39
1719
31
49
2997
34
42
1892
35
56
4154
35
61
3562
36
42
1257
36
46
2639
36
57
1864
37
51
3597
37
52
2789
39
42
702
42
63
5224
43
51
1292
45
59
3942
47
51
427
47
64
2493
47
64
2138
48
55
760
49
68
2800
51
52
466
51
63
1785
55
58
613
56
63
1031
58
65
1409
58
65
1066
59
61
399
59
68
1240
61
68
1001
64
67
446
