0
11
1540
0
50
12515
1
55
9288
2
17
1672
2
21
1949
2
24
5364
2
44
4067
4
20
1245
6
18
2583
8
18
834
10
21
1725
11
22
2409
11
39
4661
12
19
1141
12
52
3200
14
38
2215
14
48
4612
15
20
1660
16
30
2097
16
34
3156
16
39
4829
18
27
1218
18
32
1450
18
34
2689
19
32
2499
19
37
3061
20
26
561
21
42
4228
22
42
4102
23
30
1484
25
36
2225
26
45
1816
26
46
3925
28
37
2640
28
40
2143
29
42
2262
29
47
2424
29
48
5265
31
36
733
31
39
486
31
46
2343
32
43
3332
34
54
3086
35
45
2687
36
38
632
36
46
1491
39
55
2242
40
48
1225
41
52
2922
45
56
1236
49
55
671
