1
17
3382
3
10
782
13
16
539
15
26
1331
21
36
4043
25
32
1034
28
31
952
29
40
2333
33
104
12121
37
39
207
41
107
12494
42
204
12080
46
181
19524
52
60
1127
58
68
2091
58
69
2538
65
142
7519
68
71
993
69
73
305
70
79
794
71
82
2908
76
84
1516
80
89
995
81
89
828
81
96
2939
83
93
1748
88
95
911
91
96
1380
91
96
589
91
105
2213
91
111
4914
92
192
11365
93
172
5441
95
120
2245
109
125
907
111
113
347
119
133
1326
120
127
957
120
151
4201
123
128
406
130
137
814
133
146
1247
135
139
979
139
156
3063
144
151
918
145
164
2904
147
159
1668
147
179
2208
149
162
1531
156
166
606
157
169
3369
158
164
915
159
169
1414
159
172
2225
162
164
532
162
182
5694
166
187
1485
167
179
1761
173
183
1520
183
195
2077
187
205
2782
195
199
485
197
204
584
