6
9
616
9
16
604
13
19
765
17
27
1059
18
23
1364
21
37
2882
25
32
990
27
38
2246
27
50
2565
37
46
1917
42
60
1660
43
51
752
61
272
17288
66
75
1172
73
90
1243
87
98
2515
87
100
2410
100
104
902
111
117
1303
117
131
3706
130
137
1129
150
166
4470
153
162
1947
159
559
33131
169
176
789
188
201
2431
196
217
3109
200
210
1028
202
456
48806
208
223
3002
216
217
208
219
226
2035
234
248
2973
252
270
1959
264
284
2440
266
270
1250
272
279
544
276
300
4631
277
285
1678
299
307
884
332
338
595
336
350
2929
343
347
691
344
355
1210
348
355
1298
354
372
3900
372
383
1305
382
389
1142
384
388
399
404
416
1922
464
471
1249
527
543
2305
533
539
510
536
540
289
545
558
2451
547
558
2436
