10
34
2726
16
21
758
16
23
1056
23
35
1839
24
29
1742
30
106
10740
33
43
1339
33
50
2485
36
55
3588
40
49
1243
48
52
566
50
86
7179
55
59
579
55
60
522
67
83
1288
69
74
1152
75
80
829
76
95
5484
91
107
2135
94
109
1255
95
104
1424
97
116
4071
116
127
1771
121
127
1009
123
128
750
138
148
1160
143
162
2789
143
224
8641
144
153
970
145
156
966
148
160
1705
156
172
1893
178
184
1625
179
187
1278
189
196
2230
193
202
966
196
208
1634
196
241
4306
202
217
3111
203
208
1088
204
213
902
210
216
634
213
223
1083
218
226
1454
219
238
3148
227
232
1659
228
242
3368
229
237
1009
230
249
4245
235
262
1777
237
248
1962
243
252
2495
248
251
267
254
265
1805
254
267
1143
262
277
1682
267
277
1467
