1
15
1455
2
21
1430
3
27
3936
5
18
2089
6
15
1947
8
24
4444
9
16
673
9
23
1859
10
23
2519
11
24
1571
14
23
1030
14
29
3796
15
24
585
28
34
845
29
54
6364
34
93
7616
39
62
3054
40
45
1270
41
57
1595
42
57
1874
44
54
1209
45
82
4700
48
71
1751
49
58
1343
50
57
2094
50
66
4425
52
58
1814
53
59
623
53
68
2635
53
77
2347
54
64
1233
55
56
336
56
60
717
57
66
1369
57
77
2159
62
75
2807
64
72
1411
65
67
403
68
71
319
68
72
1153
69
77
1015
70
83
1036
70
95
2141
73
77
323
75
93
1385
77
90
2163
80
93
3771
85
92
1619
91
94
561
