0
77
18956
1
14
2504
1
29
5199
2
14
1901
2
19
3847
3
16
1568
4
20
2533
5
22
1643
5
28
3233
6
46
11186
8
64
11203
9
24
2480
9
77
11600
10
75
6876
12
68
6002
12
71
10264
15
18
426
17
29
2640
18
33
1724
20
32
3393
20
39
3190
23
38
2147
23
42
4991
23
43
2407
24
31
713
25
31
619
27
51
3779
28
43
1498
29
36
857
29
38
1540
30
76
6990
32
38
1044
33
48
2724
34
60
1427
35
40
533
35
51
1397
37
49
2434
38
42
1370
38
46
799
38
57
3144
40
49
1103
41
58
2199
43
51
1113
44
54
1225
47
56
1093
48
52
1219
48
56
902
51
55
444
51
65
2852
51
66
1740
52
65
3261
53
58
1067
53
68
3664
54
63
955
55
63
959
56
60
707
56
62
1062
56
63
415
56
64
1002
60
72
2771
66
75
1080
69
76
1955
69
77
2109
