0
44
4103
1
18
1640
2
9
740
2
10
1265
2
18
3806
2
43
4201
3
25
1950
4
35
6603
5
15
706
5
26
2246
6
36
7584
6
47
8529
7
32
4413
8
20
1436
8
21
3461
10
25
3169
11
26
1873
12
27
3444
12
37
1882
14
17
525
15
21
1320
16
19
395
16
21
754
18
24
970
18
25
1329
18
35
2706
18
41
3682
18
41
4383
18
44
1921
19
41
4345
19
41
3610
20
33
1162
21
34
2094
22
23
203
24
33
1611
24
38
1013
25
34
2081
25
37
1978
28
48
3432
29
31
311
30
45
2523
31
39
739
32
39
673
32
42
2005
32
49
2488
33
47
1212
34
36
533
34
43
1106
34
43
848
38
49
1173
45
48
398
45
50
1124
46
49
549
