1
19
4218
3
12
732
3
111
21075
6
18
1716
7
121
17356
8
78
7870
16
18
349
17
118
22764
21
37
1862
24
42
2257
25
36
1881
25
53
4073
30
36
398
30
38
1075
30
39
1536
31
35
396
33
116
18841
35
54
3444
36
53
1301
37
53
2192
37
57
3643
39
53
1520
40
43
416
41
58
3198
41
62
4257
43
66
3759
44
46
670
46
57
1748
48
63
2209
51
57
739
56
69
2294
57
58
219
58
74
2089
59
70
1186
59
75
2851
62
68
712
63
72
1828
66
86
2355
68
78
1188
71
79
957
71
87
3787
73
93
3363
74
84
1571
79
86
1443
83
90
1195
83
113
2779
85
110
1831
86
107
5068
87
104
1285
88
106
998
90
103
1917
90
110
2317
91
98
1021
92
105
2493
94
108
1422
96
97
171
98
102
824
98
102
781
100
107
704
103
109
914
103
113
1265
