5
19
1
7
15
1
12
18
1
14
26
1
26
40
1
46
51
1
51
70
1
67
85
1
78
101
1
99
106
1
101
370
1
114
132
1
119
128
1
145
157
1
148
150
1
153
260
1
175
184
1
178
182
1
182
593
1
185
201
1
186
196
1
194
206
1
194
212
1
197
201
1
197
567
1
211
218
1
224
229
1
228
241
1
230
235
1
231
239
1
232
237
1
239
242
1
240
249
1
259
266
1
269
280
1
270
285
1
270
297
1
286
304
1
292
297
1
294
317
1
313
315
1
319
330
1
319
331
1
326
341
1
327
339
1
352
367
1
367
376
1
369
382
1
380
387
1
402
410
1
407
408
1
418
421
1
451
460
1
459
467
1
461
467
1
463
469
1
491
511
1
516
533
1
526
547
1
549
567
1
