0
19
4734
8
167
21708
13
27
1036
14
146
14932
16
25
674
19
38
5325
22
32
1558
28
39
2699
37
57
3399
45
53
2317
48
57
1143
52
71
2568
53
226
23750
57
83
3643
59
60
188
63
75
1316
66
76
2159
71
77
1543
73
84
1432
80
237
43854
83
90
1583
87
96
2278
87
106
2393
91
231
13045
92
103
985
94
99
1171
94
111
2189
112
135
2751
128
141
1431
133
147
1755
134
149
1674
139
147
2115
150
151
438
161
179
2126
161
180
4555
165
177
2528
166
175
2660
166
182
1527
167
176
589
183
205
3261
184
200
2146
190
201
1909
195
217
2606
200
205
781
211
221
1370
212
231
3139
214
234
2878
216
225
1505
217
229
1450
