4
19
1749
10
24
1694
11
25
1997
11
115
11721
16
26
1783
17
28
1359
18
114
10662
20
26
1007
22
33
2613
23
35
1881
27
34
991
32
54
4326
33
46
1113
39
64
3206
41
53
2261
43
57
3098
46
53
1065
48
66
1807
49
62
822
51
79
2951
53
61
1355
60
65
699
60
74
2231
62
73
960
63
66
1019
63
68
1464
63
85
3246
64
99
2769
67
85
1920
70
81
3140
71
78
2258
72
89
1455
73
88
2465
74
92
3739
81
91
2100
81
100
2972
83
96
3879
88
98
1298
88
102
2620
92
112
2489
92
114
3841
95
103
2285
95
105
1123
96
101
1100
99
113
2046
99
119
2323
104
115
2946
113
117
832
