1
62
8285
6
29
3088
6
91
15279
7
19
1729
7
22
3682
7
24
2534
8
14
1045
8
19
1254
9
16
675
10
11
125
10
37
3388
11
19
1502
11
30
1909
12
36
5058
13
26
2502
15
27
1467
16
82
7788
17
31
1363
19
30
1268
23
32
955
24
47
2335
25
38
1979
25
88
6537
26
36
1322
26
59
3694
27
36
1147
29
42
2683
31
42
1548
31
43
2211
34
46
3039
39
54
3407
41
46
1083
41
46
1261
43
52
907
44
51
958
46
62
4286
49
54
1040
50
67
3789
51
76
4362
54
55
370
55
66
1029
55
73
2693
58
71
1232
62
72
851
62
88
4051
63
71
1370
65
84
2575
67
73
1065
68
77
861
70
83
1938
71
75
505
75
86
882
78
83
742
78
90
1188
79
83
704
