0
15
3471
1
4
638
1
8
563
1
11
1898
3
13
814
4
25
3863
5
12
1159
6
42
3527
6
52
5303
8
17
2772
9
23
1385
9
33
4234
11
20
1380
11
22
1403
14
27
1076
16
28
2596
18
27
1796
18
66
8886
19
38
3461
20
33
1706
22
27
835
23
24
273
23
34
1948
24
27
628
25
39
2906
26
52
4753
28
57
6739
30
43
1457
30
53
3640
31
41
2429
33
43
1140
34
44
1921
34
47
2423
34
50
4404
37
38
200
37
57
2911
39
47
1183
39
51
3638
40
61
4938
40
65
3303
42
52
1317
42
53
1061
42
54
1123
42
63
2573
43
52
1636
46
52
921
47
66
1428
50
63
1385
51
62
1723
53
64
2617
54
58
517
56
63
1089
57
66
2106
