1
9
1604
11
25
2512
11
344
19133
11
419
50360
22
34
1416
30
48
1267
34
43
1130
43
56
2815
50
57
1977
50
63
2333
65
72
1624
68
80
1423
78
96
1885
86
100
1354
93
108
2205
95
106
2139
99
109
2898
105
106
334
117
359
48875
140
145
574
141
144
662
146
164
2427
156
159
764
158
178
1992
168
170
419
183
204
4052
197
336
12566
201
223
1990
266
283
4009
272
290
3615
278
292
2433
288
295
1745
290
330
4387
295
308
2536
302
305
497
315
328
2814
336
351
2547
337
348
2476
361
371
1968
380
397
4007
395
412
2380
410
418
869
