9
20
1391
12
30
2517
22
23
323
30
572
132435
41
557
90066
45
59
2202
46
59
1578
64
82
1453
67
73
675
71
79
2041
77
81
1061
87
91
547
99
113
1092
113
125
1680
113
126
2749
114
132
1148
117
125
1040
125
474
61236
126
138
2218
146
149
622
147
156
1779
164
179
2447
164
342
17295
168
186
2591
176
183
769
208
213
1261
236
245
1369
246
382
16359
254
258
850
257
272
2250
260
265
1285
265
286
5515
276
284
1638
279
286
1790
284
286
534
290
296
1514
294
303
2802
294
308
2295
309
318
856
325
329
856
331
345
1357
339
346
1061
361
366
797
368
370
285
372
378
1545
390
397
485
427
440
1161
444
453
1199
454
471
2190
455
466
970
455
467
1637
458
473
1712
491
508
1641
495
515
2776
503
510
1473
531
536
1519
536
548
2227
553
573
4664
554
576
4472
