1
13
1188
5
19
1550
5
30
2645
6
19
2769
7
23
3215
7
100
17897
8
196
52118
9
18
2767
10
24
1181
10
62
6898
10
185
17521
15
25
1840
16
22
795
22
36
1272
22
44
2636
23
32
1564
25
47
2380
26
188
21943
28
37
918
29
38
1059
30
49
1949
32
43
2197
40
49
2458
42
53
2666
44
48
995
47
57
945
48
56
1350
56
76
2973
59
74
1068
62
78
2194
62
103
3038
70
74
492
83
94
2322
88
100
2105
106
107
461
109
129
3193
114
125
1289
122
135
971
124
144
2273
129
137
1384
134
144
655
134
147
1333
141
149
1158
146
155
2092
147
151
526
147
157
1125
148
152
868
148
155
2113
155
168
3928
160
185
3315
165
173
2020
169
173
1139
171
175
820
172
187
1579
181
203
2875
185
195
2097
185
197
1192
186
191
1231
189
192
429
189
194
788
189
194
1121
