0
2
424
0
105
11225
1
12
1346
3
37
5735
4
19
1982
5
19
2622
5
22
2817
6
25
1844
8
16
876
12
20
1330
12
93
18305
14
20
1635
21
43
2059
23
27
1002
24
35
3444
25
39
1073
28
84
3952
29
41
1196
29
44
1823
30
36
596
30
44
2534
36
45
641
37
42
870
37
52
4551
40
48
706
40
48
1375
42
60
3726
43
66
1535
47
54
1028
48
73
7236
52
61
1332
54
68
1635
56
72
1617
57
68
2684
59
64
1422
62
73
874
63
76
2072
64
70
1156
65
82
3991
66
79
3149
68
80
1470
74
79
1425
74
83
859
77
85
1625
77
99
3284
78
99
5142
79
100
5119
83
94
1383
87
98
1463
89
93
659
91
96
1482
96
105
2434
98
105
2277
