0
24
2615
1
18
1493
2
9
889
21
31
2235
29
56
2210
31
48
4187
35
44
1646
38
50
1229
47
61
1685
50
56
1242
50
58
1320
50
62
3451
57
65
1193
59
66
1826
63
75
1271
65
69
466
67
77
2041
71
87
2923
75
85
954
86
97
987
97
105
1588
99
107
711
105
170
10404
108
130
4170
113
114
343
114
117
298
124
137
2193
125
132
1038
129
139
2071
129
146
2352
130
154
3253
135
144
1563
140
147
796
143
158
3514
149
162
1765
152
168
4543
154
163
867
171
194
3023
171
197
3359
173
197
2311
178
199
2939
192
196
1332
209
224
3819
213
229
3174
221
231
1110
224
234
1668
230
241
2935
235
242
1423
245
255
3200
246
255
1842
246
256
678
247
268
2891
258
269
2444
269
283
1188
272
280
1042
274
278
998
277
281
440
277
286
2222
