0
8
1141
1
26
3079
2
17
1673
3
12
1616
3
17
2329
3
24
3756
6
11
924
6
29
3001
9
29
1700
10
17
849
11
18
981
13
74
9387
15
25
1215
23
32
776
24
41
2155
25
28
521
25
30
778
25
32
1440
25
40
4054
26
43
2141
27
59
2839
29
43
3195
30
41
2014
30
42
2093
31
44
3075
31
47
1815
32
49
2659
36
59
2033
38
54
4263
39
51
1337
39
54
3024
40
51
1629
40
63
5161
41
55
2619
42
62
2798
42
63
3074
45
60
2092
46
68
2447
49
55
1052
50
54
1077
51
66
3189
52
60
1116
55
62
1157
59
77
3116
65
78
1550
67
78
2946
71
76
1234
