2
21
1430
4
16
3010
4
25
2311
5
19
1908
7
19
3422
11
28
4918
13
24
1870
15
17
828
15
28
1149
17
123
20916
19
40
2678
21
29
1486
23
25
329
23
28
637
25
28
1082
25
36
1615
32
42
2503
34
37
694
35
44
2046
36
59
1528
37
132
18734
44
59
1997
45
58
1070
48
66
4098
48
120
7912
57
74
3060
59
69
2847
64
67
942
69
93
1740
70
78
1128
72
83
1412
73
77
456
75
94
3124
78
87
1129
79
81
506
79
104
5356
82
130
4934
83
92
1179
83
102
1228
92
110
3465
94
100
1133
94
102
1571
96
101
852
100
113
1076
100
120
1515
103
114
2189
104
121
1558
107
115
1307
107
125
3878
110
112
560
111
131
1616
114
124
2131
118
126
1158
