0
9
1259
0
20
3216
1
23
5266
1
55
9017
3
13
2181
3
14
2726
5
46
8029
6
18
3188
6
22
1197
6
47
5888
7
45
5914
9
12
673
9
67
6130
10
28
2011
10
32
4955
11
22
1763
12
31
2777
13
17
1334
14
15
282
14
32
1942
14
60
6766
15
23
997
16
32
1305
17
30
1154
17
30
2046
21
26
1102
22
34
2111
22
36
2341
28
38
1250
28
45
1351
29
43
984
29
47
3187
30
39
2062
30
42
1418
31
38
1484
32
59
3045
33
43
624
34
56
5524
36
39
520
36
44
1809
36
44
1433
41
53
1299
42
48
847
42
52
2617
42
52
1262
42
67
4119
43
49
1582
43
53
1923
44
54
1988
45
60
3799
46
49
543
46
55
1152
47
56
2150
49
61
1386
51
64
2463
52
58
1264
53
59
1083
54
60
541
54
65
2686
55
64
1592
58
67
1846
