1
24
2443
3
7
487
5
18
1670
5
83
9970
11
175
14200
12
16
419
12
28
1671
12
96
24618
13
21
534
14
25
2313
20
21
249
20
27
1566
21
38
3883
23
29
915
28
50
4971
29
152
21986
31
37
1035
31
45
1116
34
40
1718
36
56
1949
40
91
4295
43
53
705
45
71
6133
54
64
975
56
65
1425
64
67
337
66
67
435
72
76
782
72
88
1524
73
100
2278
74
79
1106
76
77
288
82
90
839
85
99
1581
90
96
972
93
104
2451
93
105
2333
104
128
2056
113
172
5504
114
128
1333
115
125
2165
116
121
513
123
133
1887
123
147
3773
129
152
3493
133
159
5682
139
144
519
149
155
1421
154
177
5929
157
167
2258
159
179
2145
160
180
2396
162
172
1225
162
176
2688
168
181
2838
174
189
3120
181
187
1236
