1
8
2253
1
16
2195
6
9
423
10
222
19034
19
39
2873
21
37
1723
33
59
3161
49
51
260
51
60
1557
57
81
3988
63
85
5067
65
71
1159
66
84
1945
70
82
1984
75
84
1429
87
99
1263
91
102
2822
102
147
7958
104
107
370
106
131
2052
113
115
499
115
187
15247
131
132
374
131
139
1301
139
146
777
142
164
5850
144
153
2211
146
154
606
146
174
7231
148
160
1253
152
208
7255
157
169
1145
158
178
2217
160
176
4051
161
164
595
173
183
1241
173
196
2476
179
203
2815
184
198
1048
189
209
3818
193
199
566
198
203
686
199
207
1252
200
206
1023
217
228
868
222
244
1899
232
243
2199
232
246
1118
233
246
3636
238
253
2076
240
251
2730
