1
88
12769
1
117
11524
4
12
1238
6
27
1947
8
13
1398
9
25
2888
14
30
3428
15
33
2648
16
21
952
17
30
1095
22
35
2516
23
27
519
23
30
1916
23
37
2935
23
40
3705
25
34
796
25
49
2197
27
35
2220
29
120
7785
31
48
2552
32
48
2548
34
103
4245
35
55
2116
37
46
1876
38
92
7339
39
44
1140
40
66
3721
41
52
1488
43
50
951
48
68
3752
50
62
2849
51
55
912
52
77
2468
54
65
2119
56
83
3404
58
64
741
59
67
1220
59
71
3650
61
77
1335
62
108
9202
65
70
1325
67
69
375
67
90
4755
68
80
1713
70
91
1727
72
83
3111
75
86
2006
78
92
2477
83
109
3284
84
104
3030
88
105
2042
90
101
1275
93
102
1282
93
104
1314
94
107
1362
95
100
1076
103
105
335
104
123
3404
105
112
607
110
115
1552
110
116
416
110
124
1554
114
121
840
