1
17
1
2
21
1
3
4
1
5
209
1
7
28
1
8
30
1
8
203
1
11
33
1
11
194
1
14
31
1
16
23
1
20
25
1
21
71
1
25
44
1
27
34
1
32
39
1
33
43
1
35
45
1
37
46
1
40
45
1
46
54
1
49
61
1
63
82
1
64
71
1
77
89
1
80
86
1
85
92
1
87
180
1
102
113
1
104
108
1
104
118
1
107
113
1
111
128
1
115
121
1
117
132
1
118
124
1
120
141
1
127
136
1
130
137
1
133
153
1
134
147
1
137
141
1
139
151
1
140
148
1
145
171
1
147
155
1
154
174
1
158
174
1
159
186
1
162
173
1
167
175
1
169
182
1
172
192
1
173
180
1
175
194
1
179
192
1
179
194
1
179
197
1
182
187
1
182
192
1
189
209
1
192
198
1
193
196
1
