0
9
1811
1
12
3322
1
16
3611
3
143
14583
4
15
3020
5
13
1927
8
15
1319
8
20
1318
8
67
9892
9
14
869
10
35
6366
13
27
1172
14
17
494
16
49
3891
16
111
14691
17
20
970
18
29
1414
18
36
2258
19
24
871
25
36
1350
26
33
694
27
40
967
31
118
18550
32
38
586
35
46
2214
37
59
4859
41
49
1113
42
51
1536
45
69
3320
49
71
1585
57
65
1308
59
64
605
61
69
2402
61
72
2383
64
72
960
66
71
794
66
77
2866
66
110
5143
70
81
2323
77
83
933
78
84
1215
80
90
893
84
91
1436
85
97
1105
89
108
2851
90
102
3453
91
96
816
96
110
2716
98
112
1876
102
109
857
102
116
3139
105
120
1393
113
123
1032
119
139
1882
122
127
1166
130
137
900
131
139
1285
138
144
1136
