0
6
1685
0
88
12506
1
13
3518
2
10
936
3
87
8949
4
21
2235
5
79
5821
6
9
651
9
17
1574
9
17
1953
10
21
1059
14
25
1006
14
31
1936
15
20
1153
15
22
1304
18
29
2084
20
23
439
20
71
5096
22
30
2053
27
43
3631
29
45
2276
29
47
2037
29
53
4978
29
63
5709
30
48
2911
31
52
4098
36
47
992
37
54
1915
38
44
2004
38
56
2282
39
63
4833
40
43
749
40
54
3520
42
63
3467
44
64
1447
45
59
3880
46
57
2577
48
58
2124
48
58
1510
48
65
1241
49
61
1141
50
58
1226
53
62
1711
54
58
968
55
66
1490
56
80
3520
60
66
882
62
65
545
62
72
1791
63
71
1570
63
75
1715
67
86
1088
73
87
2473
