0
21
2630
0
76
11694
1
12
1698
1
84
11430
2
13
2149
3
9
1043
3
39
4719
6
10
464
7
17
1587
7
88
12675
8
16
1262
9
30
2708
10
20
1590
10
25
2142
15
29
1803
16
26
1140
17
23
737
17
36
2753
19
37
1959
21
39
4092
22
46
2506
23
25
247
23
32
1525
24
32
856
26
39
1600
27
77
7458
28
39
1754
32
42
1788
33
40
992
33
56
5992
33
69
3826
34
44
1405
37
69
5930
38
44
1004
39
57
2021
40
63
2983
41
42
416
42
49
757
43
56
1425
44
55
2147
44
63
2166
45
53
1242
46
59
2936
46
63
1793
46
84
8775
50
71
2003
51
61
1854
52
75
4138
53
57
707
54
78
6390
55
60
390
56
61
888
61
69
548
61
72
2044
64
79
1918
64
86
3360
67
81
1709
68
73
1068
70
84
1749
71
83
1452
72
74
375
75
83
1093
