0
15
1421
1
13
2223
2
33
4646
2
42
8976
3
9
624
3
12
1688
4
10
1155
5
23
1439
5
37
3424
6
19
2830
7
20
1420
9
25
2749
10
27
2568
10
33
3631
12
15
470
12
22
1750
12
26
3620
12
33
3202
12
33
5303
14
27
1950
15
53
4453
17
28
1834
18
29
2515
19
35
2647
20
32
2275
20
32
1828
26
32
701
26
41
2288
27
31
942
27
35
1774
27
38
2074
27
43
1478
28
37
1899
30
47
1622
31
38
1052
31
39
1092
31
48
3007
32
44
1909
32
47
2705
34
39
1074
35
49
2326
36
43
626
37
51
1425
37
52
2652
38
49
1723
39
51
2729
39
52
2424
40
47
965
40
51
1124
41
45
738
42
51
783
43
48
723
43
52
1368
46
52
593
