0
446
24630
6
26
1836
27
36
1618
28
37
1424
34
36
769
39
58
1443
51
70
2160
84
100
4144
89
109
2549
96
397
40757
108
116
1760
108
121
1784
109
113
540
120
134
2454
120
144
2620
143
152
1995
155
159
1146
158
181
4958
187
206
3096
189
256
10280
194
198
731
200
216
4326
200
416
41417
201
216
2093
212
232
2078
223
235
2685
231
448
18184
267
274
1265
272
275
523
281
286
890
293
304
1089
334
343
1560
335
356
1250
350
358
982
350
372
2232
352
371
4162
360
379
4803
371
379
1602
392
401
1871
393
408
2657
397
407
1089
406
411
407
412
426
1678
432
438
782
442
449
460
