2
11
1
2
15
1
7
15
1
12
446
1
15
24
1
16
29
1
19
32
1
38
48
1
43
54
1
43
439
1
63
78
1
70
80
1
76
92
1
82
88
1
84
111
1
88
103
1
89
106
1
105
465
1
117
123
1
122
238
1
131
510
1
134
154
1
135
146
1
155
160
1
160
177
1
178
185
1
190
204
1
206
219
1
209
225
1
219
230
1
229
236
1
236
253
1
240
257
1
258
264
1
261
271
1
282
291
1
318
321
1
320
337
1
335
363
1
345
370
1
362
380
1
367
371
1
372
380
1
382
395
1
386
396
1
422
442
1
426
429
1
429
432
1
433
441
1
442
461
1
466
472
1
494
509
1
507
518
1
518
526
1
