0
11
2064
0
39
4740
0
78
6156
1
8
2021
1
15
3818
1
24
4095
3
25
5263
4
31
2569
6
18
2292
6
22
1332
6
22
1547
7
32
4166
9
29
4090
9
76
10157
10
27
2020
11
15
651
13
72
11166
17
32
1661
17
47
3508
18
31
1079
20
29
2208
21
35
2609
23
31
1200
23
33
1921
23
33
1380
25
40
3829
26
36
2059
30
48
2706
30
51
1959
32
46
2681
34
59
2948
35
50
2180
38
60
3376
39
46
2045
39
54
1502
39
55
2307
39
64
5236
43
57
3490
44
55
1557
44
67
4916
49
61
3341
52
69
3799
53
67
1413
54
62
953
55
63
696
55
67
956
62
67
656
62
70
2464
62
76
1681
64
72
1977
64
78
2078
66
75
864
66
78
2045
73
75
591
75
78
502
