6
17
1222
14
18
496
24
29
1493
32
37
1242
32
450
84828
53
68
2134
67
69
225
74
82
944
84
91
1497
85
104
5360
94
391
15744
115
130
1300
116
130
2600
135
448
50044
159
172
1313
170
171
225
176
189
2036
186
196
1936
192
200
707
197
216
2137
203
214
1015
213
226
2695
276
290
1570
277
287
1122
283
307
3287
289
306
1800
291
306
1519
297
312
3647
303
325
2503
306
315
900
306
324
4930
328
347
3850
329
338
736
336
348
1193
338
365
4166
341
353
814
371
388
3806
389
395
576
391
404
2201
414
433
3035
427
598
33889
428
438
1820
430
450
5496
439
441
724
449
469
2865
462
468
960
465
478
1804
471
476
1275
472
475
526
477
486
1798
480
494
3679
482
495
2848
487
502
1540
500
509
1363
521
531
1157
533
544
1831
546
570
1946
559
564
1156
565
570
1203
577
581
438
605
608
789
