2
13
1437
8
9
284
27
466
55497
28
32
275
29
42
3073
35
314
46219
63
317
42899
75
488
107828
90
109
3023
95
480
24153
135
455
34515
142
146
507
162
449
54017
186
198
1617
186
469
38542
207
226
4904
223
248
5663
226
240
1634
234
248
3043
246
261
1975
264
508
21457
273
284
2318
274
295
1525
284
301
4166
289
309
2340
300
316
3602
301
325
3739
307
321
1878
308
313
793
313
325
2242
317
496
20507
319
339
3689
329
353
3642
350
364
2611
356
379
3411
377
385
588
390
395
1395
405
428
3232
416
435
3298
419
438
4462
426
430
681
429
449
4810
437
453
3585
443
464
6203
459
474
2668
462
478
1536
471
484
3103
472
492
1642
474
483
969
485
489
648
494
509
2004
