0
6
1003
1
51
5320
3
6
520
3
19
3023
3
20
4541
5
29
5047
7
14
1808
8
13
403
8
29
2877
9
36
3887
9
53
12280
10
29
4385
10
58
6427
11
17
630
11
22
1763
12
20
2148
12
23
837
12
35
3836
14
38
3194
14
63
9008
16
28
2379
17
40
1308
19
30
1839
20
33
2306
20
40
2640
21
25
786
21
28
2069
22
42
3569
23
34
1125
23
34
1644
23
45
4658
23
61
9406
24
34
790
24
48
1550
29
49
4385
30
34
1121
30
35
1027
30
45
913
31
58
2058
34
49
2647
34
54
4333
35
45
2475
36
50
1370
38
51
1270
38
61
3800
38
62
4204
39
42
274
39
48
1609
41
52
2800
42
53
2492
42
56
3494
42
57
2684
44
51
955
44
59
1348
45
59
1916
49
51
745
52
64
2844
54
57
408
56
63
699
