1
6
767
1
18
2215
3
20
2920
5
26
1961
8
61
13403
12
153
16368
14
23
1708
17
144
10033
18
138
17733
23
45
4519
25
35
1255
26
38
2281
35
46
1632
36
144
13226
38
52
2273
38
56
4647
39
48
1319
39
51
1984
41
56
944
41
57
1396
43
57
3603
49
60
1625
52
114
7070
55
74
1867
61
72
3174
70
75
642
77
91
2059
79
95
2056
84
103
3990
89
102
3282
89
105
3497
97
110
2767
98
113
1872
99
120
5983
100
117
4069
104
125
4188
107
120
1457
108
128
4198
118
131
2889
120
133
2566
122
129
1778
123
140
3399
130
143
2060
133
148
1538
136
140
479
141
152
1805
