1
15
1079
1
20
1118
2
6
876
2
27
2441
2
44
3495
2
49
7643
3
22
1626
4
12
2090
4
14
2484
5
52
6543
7
20
1028
8
15
1367
8
23
2954
9
24
1520
10
22
3094
10
25
2767
11
17
785
12
29
3831
13
18
625
13
19
1239
13
26
4073
15
16
186
15
30
3423
17
44
2760
18
38
5247
20
30
1153
21
38
2621
22
32
1099
22
36
2019
23
31
2032
24
35
1438
24
50
1804
25
30
1718
25
34
835
26
31
767
26
50
4399
27
38
1983
29
34
1195
29
44
2471
30
46
2180
31
34
501
32
42
1281
33
42
1781
33
42
1008
37
53
2929
40
52
1894
40
53
2351
51
53
515
