0
64
6053
1
53
10029
1
62
4747
2
22
2379
2
60
5941
2
64
7102
6
12
695
6
26
2390
6
28
5292
7
54
4551
8
19
1615
9
14
621
10
14
506
11
33
4024
12
25
1872
14
60
4911
17
25
904
18
49
5508
19
31
2066
21
28
1786
21
37
2345
21
39
1310
23
28
1253
24
29
687
25
38
2620
28
30
441
28
49
2749
29
44
2419
33
36
651
33
43
884
35
41
674
38
51
2680
39
49
2064
39
51
1819
40
47
1702
42
51
1138
42
59
4464
43
61
1479
44
53
1593
44
62
2488
45
56
1498
46
61
1560
46
62
3920
47
58
2454
48
66
2809
49
56
2040
53
63
2454
57
68
1378
61
65
697
