6
9
1
6
17
1
20
30
1
26
33
1
26
37
1
31
231
1
42
313
1
50
54
1
69
80
1
72
90
1
73
85
1
91
106
1
95
113
1
96
113
1
97
114
1
103
127
1
104
108
1
104
118
1
105
127
1
107
125
1
108
115
1
113
126
1
122
132
1
128
132
1
131
142
1
142
146
1
144
169
1
145
160
1
152
162
1
153
170
1
159
179
1
165
182
1
165
187
1
170
181
1
179
182
1
179
189
1
187
197
1
190
212
1
191
201
1
196
218
1
198
217
1
204
214
1
205
212
1
206
208
1
207
226
1
209
215
1
215
230
1
220
226
1
223
233
1
239
258
1
241
246
1
246
265
1
248
255
1
252
259
1
265
281
1
266
271
1
272
277
1
274
285
1
283
301
1
286
294
1
295
309
1
298
309
1
302
311
1
