1
11
2763
1
16
3555
3
22
2632
4
17
1798
5
6
356
6
30
3983
10
21
1351
10
35
4360
10
58
5158
12
21
1727
12
23
2236
12
27
3158
13
27
1442
14
27
1827
14
32
1758
15
23
2328
16
36
2599
17
28
1642
17
34
2588
18
26
672
19
29
1618
19
36
1959
20
44
3674
22
37
1726
23
35
1920
24
25
382
25
45
3144
29
37
624
29
54
2695
32
35
731
33
46
1699
34
51
4464
35
39
597
36
54
2187
38
61
2065
42
59
2619
43
50
1226
43
56
3619
44
47
699
44
53
1435
44
60
3393
44
61
2914
45
52
1876
45
57
1114
46
55
821
47
61
1493
50
57
1080
52
58
524
57
59
470
