1
9
1
2
16
1
4
14
1
12
28
1
12
62
1
14
26
1
16
33
1
17
31
1
17
190
1
18
30
1
20
28
1
22
36
1
25
100
1
33
138
1
34
55
1
35
54
1
40
45
1
41
59
1
43
53
1
50
64
1
50
103
1
61
80
1
63
74
1
65
79
1
67
193
1
76
83
1
81
84
1
84
96
1
85
90
1
86
104
1
86
107
1
93
117
1
95
102
1
97
109
1
102
118
1
106
119
1
110
125
1
110
132
1
112
126
1
120
132
1
121
124
1
126
142
1
128
151
1
129
140
1
129
147
1
130
140
1
134
141
1
134
145
1
135
149
1
136
142
1
146
147
1
149
152
1
154
176
1
158
170
1
169
177
1
171
185
1
176
181
1
179
189
1
182
183
1
191
195
1
191
205
1
192
205
1
