2
114
1
4
14
1
5
12
1
7
72
1
8
18
1
10
19
1
10
113
1
12
19
1
13
28
1
13
32
1
16
21
1
18
91
1
23
39
1
24
35
1
24
39
1
24
43
1
29
51
1
32
42
1
33
49
1
33
54
1
35
45
1
36
46
1
36
58
1
37
47
1
37
50
1
38
45
1
38
48
1
38
58
1
42
46
1
44
57
1
49
60
1
49
60
1
49
67
1
52
60
1
54
61
1
55
58
1
59
67
1
60
65
1
62
73
1
63
69
1
64
83
1
65
85
1
67
70
1
69
94
1
70
93
1
73
82
1
75
86
1
76
120
1
78
86
1
78
96
1
80
90
1
80
92
1
80
97
1
87
105
1
89
112
1
92
99
1
96
106
1
100
119
1
104
112
1
105
114
1
106
117
1
120
122
1
