0
160
9755
2
186
28297
2
202
37422
3
15
1138
11
23
2253
11
29
4404
14
27
2017
15
91
11296
24
47
3390
30
53
4193
34
45
1884
36
54
3043
38
186
15082
44
109
17916
47
56
1147
48
66
1306
49
54
909
49
55
752
51
65
1366
51
71
2140
55
59
697
60
63
680
60
64
1069
61
72
2347
62
193
21830
63
200
15894
69
83
2510
71
82
1411
74
95
2145
77
87
1752
88
95
779
89
99
1299
89
102
1029
95
103
1316
101
111
2534
102
115
1666
103
117
3677
105
122
2229
107
110
829
112
121
1535
114
120
1894
115
124
2284
119
136
4134
122
140
3544
124
140
3632
132
144
3253
133
156
2934
141
146
765
149
175
5136
152
162
2457
153
176
2701
155
163
1538
157
170
1577
176
179
478
177
194
1558
177
197
1726
179
192
1546
180
188
764
186
190
407
187
194
1375
193
203
1138
