0
201
23138
6
17
1774
11
208
53829
12
23
2001
12
24
976
12
35
3298
14
22
1460
26
32
1297
26
37
1161
33
49
2606
51
56
708
57
72
1670
75
205
25906
76
98
5529
78
94
3644
84
108
3220
85
92
920
87
97
1512
88
104
1599
93
106
1850
95
113
1601
98
106
1669
102
107
575
108
111
687
110
126
4466
116
132
2976
132
156
2684
135
136
414
136
140
800
136
160
2873
139
152
2009
143
153
1577
146
150
699
148
162
2543
165
173
1886
169
177
1125
169
178
1732
173
183
1269
185
187
348
192
204
2459
195
202
1203
198
208
1172
200
213
1534
202
208
1813
