0
10
1370
0
62
9382
3
23
3200
6
30
3072
6
52
5582
7
9
789
7
49
4286
8
57
8694
10
29
2361
10
30
5134
11
17
1124
11
21
2094
12
17
674
12
24
1736
14
28
3366
15
33
1929
15
33
3543
16
24
2149
17
26
1057
18
33
3156
18
36
2187
19
29
2379
20
39
5529
21
28
1395
22
31
2024
23
25
265
25
26
212
27
41
1399
27
44
1296
27
53
1565
29
36
1408
29
44
2438
30
46
3261
32
51
4303
33
48
1494
34
43
2377
34
50
1302
35
43
944
37
49
3123
38
56
4543
39
47
1518
39
49
2794
40
57
2746
41
46
552
42
45
662
42
51
1506
42
57
3353
43
45
280
43
51
2062
43
52
1641
45
49
463
45
52
1274
46
56
1245
49
60
905
52
61
1874
54
62
1065
56
58
677
