2
11
1719
2
14
1485
3
11
1040
5
31
2495
8
16
987
9
27
2451
10
15
773
10
29
3697
11
79
7564
12
16
745
12
18
1560
16
19
733
16
77
7525
21
93
5193
22
36
3134
25
34
1338
29
37
1842
29
43
4009
32
39
1662
32
42
1154
32
45
838
34
89
8432
36
43
753
36
45
1876
37
39
395
38
45
789
39
49
2158
40
44
738
40
52
2090
42
48
1191
42
63
2113
43
47
521
43
59
2165
43
83
7956
44
55
2455
46
59
1489
51
98
5895
52
65
2356
53
68
2933
54
95
5131
55
66
2299
56
63
540
60
75
3617
61
68
908
61
75
1147
63
72
1518
64
65
351
64
72
2317
66
75
1009
69
80
2441
71
73
452
71
91
2404
72
82
2185
76
84
1662
78
86
2065
80
97
1730
87
98
2218
89
97
929
91
95
640
