0
5
1007
1
7
1306
1
7
799
1
19
2776
1
42
9823
2
6
1016
3
7
440
3
14
864
3
45
9420
4
9
830
5
14
1346
5
28
3930
6
12
669
6
17
2408
6
25
4144
7
67
8706
8
14
750
8
61
11482
11
28
1840
12
27
2259
12
65
4405
13
18
646
13
20
1609
14
29
2708
16
42
3195
17
27
1462
17
29
1173
17
33
1636
18
26
1581
19
26
705
19
32
2130
20
26
1034
21
53
4148
22
45
4668
24
34
1643
26
30
606
26
35
658
26
38
2619
26
40
2912
27
45
2551
27
51
3614
28
31
577
28
60
6718
30
54
5390
33
35
313
33
36
745
33
39
1002
33
44
1117
37
49
2116
39
55
1678
42
48
1175
42
59
4889
45
50
981
46
58
1553
47
53
1431
48
62
1979
51
65
2231
53
65
3541
54
60
772
55
61
866
55
63
2534
58
60
343
60
69
1523
