0
5
1
0
292
1
0
294
1
3
28
1
3
260
1
9
29
1
11
28
1
14
19
1
15
292
1
18
27
1
25
36
1
30
39
1
33
41
1
34
41
1
35
57
1
36
44
1
41
54
1
44
60
1
48
59
1
50
58
1
52
69
1
57
74
1
66
69
1
69
78
1
69
83
1
97
114
1
97
121
1
98
115
1
104
112
1
114
124
1
118
129
1
127
135
1
131
141
1
135
139
1
136
152
1
136
159
1
149
158
1
156
160
1
165
187
1
167
224
1
174
185
1
180
207
1
184
188
1
194
206
1
196
214
1
197
215
1
208
220
1
232
255
1
235
246
1
237
250
1
237
256
1
245
265
1
246
266
1
249
269
1
253
254
1
260
272
1
266
284
1
269
294
1
287
292
1
