2
7
752
3
61
7776
3
65
4958
4
90
14062
6
9
901
7
10
838
9
19
1458
9
28
4439
12
37
3955
13
87
18336
15
24
1409
15
30
1921
16
21
634
17
33
1354
18
44
3512
21
32
1609
22
34
2327
24
40
1917
26
37
1220
31
57
6060
33
43
1688
34
40
673
35
53
4608
39
54
3158
40
45
924
40
66
6317
44
54
2492
44
69
4107
48
90
7431
50
67
4963
51
68
2437
52
71
4402
53
59
476
53
60
1331
53
68
2317
56
60
775
58
92
2479
59
69
2139
60
84
5270
61
70
1041
61
85
2512
62
70
767
66
93
2069
70
79
1814
70
86
1272
73
90
1772
78
93
1988
78
96
4052
80
90
2161
81
91
3009
81
96
2059
