0
187
1
1
14
1
3
15
1
5
27
1
6
28
1
7
16
1
7
29
1
8
89
1
11
33
1
27
46
1
27
49
1
28
49
1
30
34
1
31
143
1
35
48
1
36
40
1
41
61
1
41
64
1
44
186
1
45
56
1
46
182
1
48
57
1
48
67
1
56
71
1
57
69
1
60
73
1
61
70
1
73
96
1
76
89
1
78
106
1
81
88
1
82
83
1
82
107
1
85
89
1
94
104
1
96
129
1
101
112
1
104
110
1
106
116
1
110
124
1
113
121
1
114
133
1
118
132
1
123
133
1
123
145
1
126
143
1
127
138
1
132
154
1
144
165
1
149
158
1
149
162
1
152
159
1
159
174
1
163
170
1
164
177
1
172
177
1
173
176
1
182
191
1
