0
20
1
2
14
1
5
166
1
7
19
1
7
20
1
8
12
1
10
191
1
13
22
1
15
30
1
18
28
1
19
35
1
22
28
1
24
191
1
25
193
1
26
38
1
30
41
1
30
110
1
32
43
1
32
47
1
36
58
1
37
115
1
51
70
1
55
70
1
56
67
1
57
61
1
61
76
1
62
65
1
63
80
1
65
171
1
66
71
1
67
82
1
72
99
1
77
95
1
81
94
1
81
96
1
89
105
1
95
109
1
95
116
1
111
132
1
118
124
1
120
166
1
123
131
1
124
136
1
125
130
1
131
134
1
132
177
1
135
141
1
135
141
1
138
156
1
139
158
1
140
148
1
152
162
1
156
164
1
173
175
1
173
193
1
174
182
1
174
184
1
181
184
1
185
190
1
187
207
1
195
207
1
196
206
1
198
207
1
