0
10
1
7
26
1
10
21
1
14
35
1
15
94
1
16
27
1
24
37
1
26
41
1
43
233
1
46
274
1
46
274
1
48
237
1
49
58
1
50
59
1
51
75
1
56
70
1
60
65
1
61
68
1
69
211
1
70
83
1
74
78
1
77
84
1
77
97
1
78
95
1
98
104
1
105
123
1
112
134
1
115
124
1
123
138
1
127
131
1
130
147
1
130
150
1
131
135
1
132
213
1
133
146
1
134
142
1
135
147
1
141
151
1
142
158
1
148
160
1
164
168
1
168
176
1
168
177
1
173
185
1
175
184
1
189
216
1
194
200
1
197
203
1
198
207
1
205
228
1
234
247
1
247
255
1
247
261
1
251
257
1
256
270
1
