0
526
1
1
546
1
5
10
1
7
22
1
17
25
1
21
31
1
39
56
1
49
61
1
56
68
1
61
79
1
88
96
1
89
107
1
124
141
1
130
135
1
138
147
1
147
154
1
152
160
1
165
177
1
180
206
1
189
201
1
193
198
1
199
209
1
202
216
1
205
217
1
210
536
1
220
231
1
225
226
1
252
255
1
264
280
1
312
319
1
318
327
1
324
330
1
324
339
1
343
356
1
357
375
1
362
363
1
369
387
1
376
378
1
376
385
1
397
408
1
398
416
1
412
429
1
415
424
1
416
433
1
421
434
1
435
460
1
436
450
1
438
452
1
443
458
1
459
467
1
460
472
1
477
485
1
504
508
1
515
523
1
539
547
1
