2
119
12465
8
151
18973
9
29
2555
14
35
3165
16
147
22233
17
18
283
21
35
1718
22
42
2116
23
40
3827
26
40
2280
29
39
1184
32
45
2678
35
47
1266
40
49
1160
42
59
2266
45
49
393
46
51
1652
47
64
4103
48
77
3014
49
56
960
49
59
1116
53
67
2247
54
66
1159
58
71
3167
61
85
3139
62
71
909
62
74
2204
65
73
2629
67
72
561
67
91
4570
76
89
2673
77
85
1592
84
101
2425
87
105
4052
99
102
1017
102
110
1216
108
122
1921
108
131
3257
108
134
4326
118
126
1812
120
146
3839
123
128
880
124
130
1212
131
150
1633
139
141
636
144
156
2219
144
161
1694
146
150
602
154
162
2386
