1
20
2417
1
63
7056
2
22
1819
2
70
16671
3
9
592
4
8
827
5
25
3769
6
67
7473
8
25
3213
8
52
3909
9
19
2315
10
12
290
10
25
1893
10
32
4906
11
14
717
11
16
1543
11
19
955
11
48
6499
14
18
1082
14
33
3236
17
27
2169
18
21
467
18
33
2185
20
46
3605
23
29
1252
24
32
712
24
42
2399
25
47
3066
26
34
1307
27
44
1016
28
37
2536
29
45
2453
29
50
3533
31
53
2590
32
49
1661
33
36
480
33
43
2493
34
46
2463
34
54
2577
36
42
591
39
52
1800
41
54
1818
41
55
2878
42
58
2404
43
44
540
47
59
2113
52
56
801
53
63
1125
58
65
1609
59
71
2016
