1
12
1532
2
13
1579
4
12
877
5
24
2344
7
31
2427
13
18
693
24
32
1724
27
41
1282
30
38
1658
31
34
382
39
60
6246
42
61
4026
44
118
9532
54
96
6115
57
68
2039
58
61
428
64
68
463
67
73
1469
67
88
4620
72
75
853
72
91
1320
75
81
703
75
94
3591
78
100
3665
81
91
1568
81
118
5986
82
97
2087
82
106
4864
87
100
2559
87
108
1799
89
99
1399
90
99
1871
92
108
3165
100
110
1825
102
123
2310
108
113
1291
108
117
810
112
119
480
113
128
1080
113
132
1596
114
116
708
120
129
1542
122
139
2389
123
129
1602
139
147
1984
