2
18
3550
10
31
4068
40
122
8697
41
50
1093
41
491
46204
49
55
1254
61
571
79987
63
73
1639
73
408
72386
81
90
798
83
87
1171
103
120
3271
105
129
5053
107
113
1768
110
129
3191
111
126
4022
133
148
3544
134
155
2140
146
425
18210
156
409
45434
183
199
1766
188
191
741
194
217
4041
195
201
663
196
204
1602
200
211
882
210
221
2362
210
227
2073
223
234
2533
233
244
2499
235
244
796
243
249
1394
254
270
2637
257
444
12438
263
532
52999
266
274
1495
283
284
393
302
313
1812
303
313
1618
303
314
3155
307
314
808
332
345
1655
335
354
3984
407
421
2605
410
434
4405
418
426
1127
428
444
2390
433
445
1636
462
470
1012
473
480
837
485
495
1685
498
509
1588
517
531
1577
527
543
2255
540
561
4369
546
560
1659
556
569
1089
566
571
1284
