0
5
833
0
18
2330
0
42
9951
1
3
405
1
10
1250
1
35
4244
1
58
5600
2
11
2171
2
21
4479
3
6
815
3
61
10917
4
22
2811
4
40
6258
5
13
1861
8
23
1788
9
17
1300
9
22
2227
10
14
705
10
34
2202
12
27
1856
12
34
4225
12
35
2700
13
25
2933
16
24
1700
16
38
6292
17
30
1719
18
28
1191
18
29
2395
24
33
1145
24
38
2655
25
31
1599
26
39
2883
26
40
2809
27
37
1255
27
38
1155
27
39
2872
30
40
2151
33
48
3400
34
47
1805
36
42
720
36
43
1984
37
48
1636
37
61
2438
38
57
3933
39
43
465
44
57
2390
44
57
1077
45
54
892
48
53
553
53
64
1242
56
63
1319
57
61
1063
