3
18
2878
4
19
2385
6
23
4403
7
16
911
9
22
2329
14
26
929
17
19
624
18
26
790
19
87
16011
20
90
12159
21
40
2096
23
37
1480
27
50
4542
28
88
11066
29
113
10013
32
115
6497
33
35
632
35
82
7254
37
53
3108
38
56
1148
41
43
230
42
47
377
42
48
1163
44
111
9962
45
62
4495
49
51
409
51
65
2463
54
56
345
56
73
4114
58
66
1681
58
76
2913
60
82
4798
65
81
1428
66
73
1128
67
76
620
67
76
1757
74
92
2353
78
109
2879
80
89
1574
80
92
1816
86
93
939
89
97
2127
90
107
2071
90
108
2000
92
106
3498
102
109
1481
108
115
1214
113
121
944
113
124
874
113
139
7656
115
126
2183
116
128
1914
118
134
3983
119
121
275
119
132
919
120
139
3320
126
130
869
126
137
2339
