1
14
1022
1
16
3448
4
30
2045
7
41
4334
8
111
27821
10
23
2879
10
23
1975
12
31
2271
12
38
3441
13
22
1524
19
25
732
21
36
1232
22
28
1465
22
45
2585
23
39
3307
26
39
2160
26
40
2381
27
35
959
28
39
1946
29
50
1962
30
38
1626
36
50
2995
39
95
6003
41
61
2999
42
50
787
42
57
2138
43
58
3963
46
60
3411
47
55
1174
48
62
4097
51
59
2037
54
69
4258
54
71
1747
55
57
307
57
71
1666
59
73
1808
64
74
2569
64
81
3675
66
79
2670
68
77
1281
69
72
420
69
81
2320
71
81
1753
71
83
1714
76
84
1889
76
93
1612
79
91
2413
81
88
2129
81
89
1256
84
91
1454
84
96
1822
88
101
3835
91
106
1622
92
107
1628
101
114
1951
102
109
1091
103
114
1494
104
113
1605
