1
15
1977
2
4
501
2
26
5865
3
24
4183
4
8
613
5
24
2261
6
31
4239
6
73
19185
11
35
3676
12
31
2258
12
59
6041
14
33
2468
15
23
2082
15
26
1768
16
21
1138
16
40
3177
18
29
2970
19
27
992
24
31
1044
25
41
1821
25
46
3006
27
40
1849
30
38
1275
32
51
2417
35
36
220
36
59
3589
39
79
8732
41
55
1855
42
43
412
42
44
422
44
57
1889
44
59
3492
44
65
4471
45
63
2847
45
64
2918
48
55
1224
48
77
6750
49
60
1187
50
66
3150
51
62
1313
52
65
2011
53
67
1654
53
68
3205
53
76
4538
55
73
3699
56
68
1294
56
70
2252
56
74
1908
56
80
2948
57
68
1637
58
70
2035
60
66
783
60
77
2449
64
76
2853
64
80
2501
65
72
1215
76
77
471
