0
12
910
0
62
8864
1
26
3142
3
11
883
3
14
1846
3
49
7920
4
8
1331
4
18
2613
4
20
2764
4
23
3228
4
27
3279
5
56
9527
6
16
836
6
32
6427
7
18
1162
8
15
1387
8
16
2282
10
19
2127
10
31
3956
10
59
8396
11
27
1842
11
49
6028
13
23
1098
14
22
1834
15
17
463
20
40
1620
21
23
729
22
24
219
24
40
3443
24
50
2519
27
51
3579
30
40
1218
30
45
4254
33
55
3404
36
40
727
37
43
1223
37
48
3201
38
46
773
38
61
2943
39
52
1877
39
55
1708
40
61
2144
41
54
2886
43
50
1126
44
51
1032
46
53
1315
49
60
2978
49
66
1436
50
51
431
50
53
538
50
63
3032
51
61
2453
54
63
1860
56
64
2078
63
68
507
