0
78
19748
1
16
1656
1
74
13461
2
71
12345
3
17
2372
5
18
2455
5
20
2601
5
74
7899
6
12
977
6
27
1870
6
27
4974
7
64
7890
8
11
715
9
17
1120
9
77
16399
9
78
12147
13
27
1603
14
21
1984
18
29
1697
18
29
1638
21
30
1403
21
38
2648
21
46
6238
23
35
1895
24
41
3799
28
36
1404
29
39
2370
33
51
4604
35
59
3720
35
64
7688
36
42
1004
36
49
1104
37
58
2199
39
53
1441
42
52
934
43
54
1392
43
60
2385
44
48
1157
44
72
3506
45
55
2720
45
65
3170
46
58
1428
46
64
2431
47
53
617
48
60
2115
48
60
2563
51
53
444
53
72
2589
54
57
588
54
68
3587
54
71
4416
56
69
3172
57
71
2479
58
72
2048
58
77
3752
59
71
1409
60
68
1082
64
78
2404
68
74
504
69
74
612
70
75
708
71
75
569
75
78
696
