15
455
1
20
37
1
21
34
1
41
56
1
43
62
1
48
61
1
56
61
1
105
127
1
106
113
1
111
126
1
112
137
1
123
131
1
129
486
1
155
168
1
177
192
1
186
208
1
229
235
1
243
247
1
249
253
1
250
261
1
252
269
1
253
268
1
256
271
1
269
279
1
276
298
1
279
287
1
286
296
1
288
311
1
290
296
1
290
308
1
297
305
1
306
321
1
313
323
1
336
345
1
339
342
1
348
357
1
354
488
1
367
377
1
394
409
1
395
401
1
406
412
1
415
418
1
419
428
1
427
448
1
439
447
1
440
463
1
442
447
1
443
454
1
449
461
1
453
476
1
494
520
1
503
511
1
506
510
1
508
528
1
517
527
1
529
540
1
541
549
1
542
548
1
560
580
1
576
585
1
593
598
1
