9
20
1
12
30
1
22
23
1
30
572
1
41
557
1
45
59
1
46
59
1
64
82
1
67
73
1
71
79
1
77
81
1
87
91
1
99
113
1
113
125
1
113
126
1
114
132
1
117
125
1
125
474
1
126
138
1
146
149
1
147
156
1
164
179
1
164
342
1
168
186
1
176
183
1
208
213
1
236
245
1
246
382
1
254
258
1
257
272
1
260
265
1
265
286
1
276
284
1
279
286
1
284
286
1
290
296
1
294
303
1
294
308
1
309
318
1
325
329
1
331
345
1
339
346
1
361
366
1
368
370
1
372
378
1
390
397
1
427
440
1
444
453
1
454
471
1
455
466
1
455
467
1
458
473
1
491
508
1
495
515
1
503
510
1
531
536
1
536
548
1
553
573
1
554
576
1
