0
4
1
0
9
1
2
94
1
5
19
1
6
100
1
7
151
1
8
129
1
11
26
1
11
32
1
19
20
1
21
23
1
24
35
1
25
40
1
25
43
1
27
28
1
30
51
1
30
127
1
33
47
1
35
47
1
36
142
1
37
52
1
37
56
1
40
59
1
44
57
1
45
57
1
46
61
1
47
56
1
49
108
1
50
56
1
51
57
1
54
59
1
66
72
1
69
83
1
70
82
1
72
80
1
73
90
1
75
96
1
78
85
1
81
101
1
81
101
1
84
96
1
85
99
1
90
97
1
91
102
1
96
116
1
97
117
1
97
118
1
100
106
1
106
119
1
106
126
1
109
115
1
109
119
1
111
130
1
115
123
1
118
121
1
118
135
1
123
133
1
134
140
1
134
143
1
139
145
1
139
145
1
