0
25
3819
2
74
9831
3
74
12463
4
66
9656
5
70
11301
7
52
6827
8
26
1637
9
17
1059
9
18
1427
11
48
6668
12
18
633
12
19
1696
12
27
1959
15
28
835
16
26
3124
18
29
1839
18
53
7432
20
36
2822
21
32
2138
21
59
8291
22
33
2658
23
44
1760
24
34
2367
25
42
1555
26
40
1984
32
38
1650
32
47
4125
33
44
1092
34
36
312
34
55
3122
35
59
6376
36
46
1240
36
52
1896
38
75
6988
40
52
3510
42
50
1774
44
64
2385
46
66
5277
49
53
340
50
53
524
52
63
2203
53
58
798
55
76
1814
58
63
653
58
70
2686
61
67
1145
63
76
1544
72
78
1012
