0
94
11786
0
113
24906
1
108
13831
2
15
1324
3
17
1346
3
118
12320
6
22
1992
8
52
3146
12
18
660
14
32
1520
16
29
1313
16
43
2001
20
31
2431
23
27
1217
25
37
1657
30
119
9051
33
37
1092
37
46
1350
39
48
976
42
65
3261
44
49
611
46
64
3734
47
56
1766
52
116
13083
54
72
2988
56
69
1708
60
70
1052
61
67
1589
61
73
1308
64
85
2275
70
80
2689
71
85
1926
72
78
857
73
82
1260
75
77
474
78
101
2408
79
92
1940
81
89
1535
81
99
2561
85
94
1984
88
97
751
91
98
1926
93
99
563
93
102
673
94
106
1117
96
105
877
98
113
1584
110
116
720
