0
15
2256
0
52
8308
5
17
2667
5
26
1603
5
34
2196
6
7
403
6
15
2195
12
20
1951
14
20
666
16
26
1901
17
18
374
17
34
3028
18
42
7016
21
47
2786
24
78
4804
26
33
980
27
54
3125
28
40
1888
29
32
622
29
54
2271
31
40
1593
34
55
3792
34
57
2664
35
39
374
36
39
410
36
42
730
36
78
4033
37
50
1651
39
50
1515
39
61
1480
41
48
1220
41
57
3874
42
52
1457
42
57
2991
43
55
916
43
61
2754
43
68
4853
44
48
372
44
70
5693
45
58
2908
47
61
2158
49
69
2541
50
58
2073
51
70
2088
55
64
1006
58
78
2353
58
80
1249
61
71
2227
61
71
2173
62
80
2676
64
77
2391
64
83
1854
67
80
2926
71
77
703
71
82
1291
72
78
1492
73
83
2298
73
84
1069
75
82
782
76
86
1031
77
82
1242
77
86
1677
78
87
1793
