0
1
1
1
10
1
2
134
1
3
9
1
3
141
1
6
13
1
6
24
1
11
25
1
15
16
1
15
19
1
15
22
1
16
32
1
20
148
1
21
37
1
21
42
1
21
147
1
27
35
1
28
38
1
29
44
1
35
45
1
37
44
1
40
51
1
40
55
1
45
60
1
47
87
1
51
56
1
52
61
1
53
55
1
54
70
1
56
66
1
56
73
1
56
75
1
60
72
1
60
79
1
64
74
1
67
80
1
69
84
1
73
87
1
74
83
1
74
83
1
76
96
1
78
98
1
79
98
1
82
104
1
84
98
1
98
119
1
108
116
1
111
114
1
111
120
1
111
126
1
115
129
1
117
139
1
118
134
1
118
140
1
119
123
1
121
130
1
125
138
1
128
131
1
130
140
1
133
149
1
