0
5
461
9
82
9729
11
82
10218
12
29
3669
13
23
1071
13
31
3341
15
24
2087
15
62
3932
16
24
1762
16
25
2287
16
31
2431
16
33
1373
18
30
2019
18
55
7879
19
37
4799
20
25
628
20
31
1637
21
32
1879
21
38
2354
22
31
1186
24
33
1640
24
69
4945
26
38
1617
28
38
1906
28
39
1905
28
41
1484
29
47
3051
30
34
765
30
42
2589
31
38
819
32
41
1458
33
36
440
37
48
2030
37
61
2971
38
44
435
39
57
2363
40
46
646
40
66
4188
42
55
1467
44
59
1789
44
66
4042
45
65
6053
46
49
344
46
68
3707
47
54
503
47
58
1628
47
71
5300
48
55
965
48
63
3990
53
64
1687
53
65
1441
55
64
1480
58
78
3950
60
79
2031
62
66
849
62
70
1216
70
81
890
74
78
734
