0
4
1342
3
62
12598
4
18
2960
4
64
6540
5
12
1154
5
16
2858
6
16
2555
10
24
1827
10
34
2332
11
55
4073
12
72
9259
12
75
7557
13
36
2007
14
21
2179
15
33
2046
17
26
866
18
37
3958
20
30
1315
20
36
1887
21
33
1722
21
34
1947
25
31
811
26
37
1562
27
40
1337
27
41
3858
28
45
4484
29
39
1306
29
42
1772
30
56
3809
31
36
613
34
37
687
34
39
1300
34
42
827
37
47
962
37
57
1927
38
62
5196
39
55
2413
43
52
1210
43
54
2537
48
60
2113
48
68
4911
50
57
930
50
66
4829
51
62
1641
52
57
1625
54
59
1133
55
71
1905
59
66
1436
61
77
2755
62
74
2495
62
76
2042
64
70
2002
64
71
718
73
75
339
