0
113
18648
1
22
2369
3
19
1695
5
21
4840
7
91
9087
8
25
4233
8
25
1162
9
28
3740
11
35
2298
13
37
2679
14
21
1609
15
32
4352
15
34
4321
16
35
4563
18
28
2813
18
37
2310
20
29
966
21
71
4015
22
80
6809
23
34
1637
27
32
1112
30
38
1115
30
49
2298
31
55
2627
32
41
2197
33
59
2779
37
39
285
37
55
4651
37
107
15682
38
61
2107
40
64
1985
43
59
4474
44
55
1637
46
66
3335
49
58
899
51
55
446
52
64
1323
55
69
3266
56
70
1920
57
80
2858
59
67
696
59
79
2934
61
86
4206
68
77
1429
69
78
1998
71
79
1397
71
83
3065
71
83
1753
75
87
958
79
95
2736
80
101
2570
83
93
2212
87
96
1897
90
110
3984
92
109
5157
96
98
755
96
105
2249
