0
213
27002
4
21
3684
5
165
29002
9
212
30965
13
16
700
13
83
13569
14
19
787
25
36
1380
30
36
1272
31
44
1582
34
43
1996
35
153
25286
36
44
1669
38
51
2061
38
52
1294
41
52
1104
46
52
1052
46
65
1883
50
72
3846
52
54
337
54
74
1549
65
76
1318
66
76
1438
74
79
907
81
100
2803
88
90
482
89
104
3014
97
115
3302
103
110
1947
103
116
1164
106
127
1931
109
117
1333
110
120
1099
120
147
3358
122
140
3658
126
140
2009
128
137
1559
132
149
3001
136
148
2405
140
141
253
146
158
2582
147
155
703
147
164
2777
147
168
2141
148
152
1165
151
166
3171
155
166
1114
155
167
1772
158
169
2047
159
167
2194
159
170
1702
161
164
684
162
185
1781
163
169
945
171
192
2412
173
185
1258
176
180
722
179
187
1610
179
190
656
182
190
950
193
197
944
193
206
986
197
204
1943
202
209
707
