0
265
1
20
184
1
23
39
1
24
47
1
25
27
1
27
31
1
28
42
1
29
38
1
31
33
1
31
48
1
42
50
1
46
59
1
46
92
1
50
59
1
54
67
1
54
280
1
60
82
1
66
77
1
82
95
1
82
99
1
85
92
1
86
101
1
88
116
1
104
116
1
113
121
1
120
127
1
120
134
1
121
133
1
128
136
1
150
160
1
160
173
1
168
182
1
170
179
1
171
186
1
175
187
1
178
194
1
179
194
1
182
190
1
182
204
1
184
194
1
187
189
1
198
210
1
211
216
1
225
237
1
225
239
1
230
242
1
235
253
1
242
250
1
244
263
1
245
254
1
246
260
1
248
264
1
257
274
1
258
269
1
264
273
1
265
278
1
267
275
1
