0
21
2171
11
18
956
12
21
1054
14
33
3674
19
41
2893
26
38
2645
32
43
2197
32
49
2954
37
54
2477
51
59
1581
60
73
1760
63
81
2733
67
83
2162
69
78
952
87
91
681
108
113
631
122
126
959
124
136
2098
130
150
3143
145
165
2627
154
163
2391
156
164
720
171
185
1530
181
182
554
187
195
1167
199
204
1174
199
498
76787
216
239
4857
230
248
4106
237
246
2387
248
269
2565
273
280
794
288
292
715
296
301
624
307
321
3198
330
342
2348
331
347
1291
345
352
877
358
373
3406
362
385
2568
363
369
564
369
383
2680
388
397
1655
402
412
851
407
410
636
419
426
1700
449
465
3873
454
476
6579
465
477
2775
467
574
15038
474
482
709
484
493
1492
495
507
1444
506
526
3511
517
520
1028
533
548
2646
543
550
842
562
572
1158
576
580
495
