0
6
1598
2
10
1632
2
99
12625
4
18
1598
5
34
2916
5
98
9587
6
16
2101
9
20
3298
10
19
621
10
22
1614
11
26
4238
17
24
1443
17
52
7571
17
90
16787
19
39
2499
20
33
3662
21
42
3279
25
45
3679
25
45
4244
26
96
6773
27
45
1767
30
35
1513
31
38
641
32
50
2209
34
55
2586
35
62
4842
37
60
2663
46
51
639
47
58
949
50
74
1979
55
60
553
56
71
1565
58
63
856
59
68
811
60
67
1604
62
69
1153
63
64
364
64
79
1396
67
70
805
69
84
1224
71
72
221
73
84
1345
75
82
2275
75
89
2963
82
89
1007
83
91
2207
85
98
1385
86
91
1424
86
95
1219
94
99
675
