1
11
1443
2
13
1309
2
23
3295
5
16
918
6
9
1014
10
29
4009
10
48
6979
12
23
997
14
52
5835
16
37
5316
17
25
844
17
27
2176
19
27
1363
20
38
2010
22
36
2725
22
48
5036
24
50
5558
25
49
5872
25
84
5260
32
80
9124
33
45
1916
33
50
1844
36
43
2202
38
39
557
38
63
4441
40
56
2720
40
66
5467
42
51
2802
42
55
2336
43
61
3138
44
59
2300
44
70
2613
47
62
1305
47
71
2712
49
52
945
49
71
3349
52
67
3269
53
69
1591
54
63
2287
54
67
1331
54
74
5197
55
64
2212
56
62
615
56
78
1536
58
70
2283
59
76
5037
61
68
799
61
79
1518
62
70
1060
63
73
2362
63
76
2272
64
67
585
66
75
941
66
80
1609
70
82
1790
71
81
1949
72
82
1465
72
84
2699
77
84
1014
78
81
300
