0
8
1
7
155
1
10
25
1
13
23
1
18
43
1
22
30
1
23
30
1
23
103
1
25
49
1
28
36
1
28
166
1
31
39
1
31
51
1
36
48
1
37
55
1
45
178
1
50
54
1
73
78
1
73
85
1
73
87
1
73
87
1
76
97
1
80
105
1
83
96
1
84
105
1
86
92
1
86
98
1
94
102
1
94
109
1
100
103
1
102
110
1
107
119
1
114
134
1
115
134
1
119
128
1
123
148
1
126
147
1
128
147
1
129
135
1
131
137
1
132
151
1
137
141
1
141
152
1
143
159
1
145
154
1
146
163
1
147
149
1
147
154
1
149
167
1
150
166
1
151
173
1
153
172
1
156
166
1
165
176
1
173
190
1
174
188
1
177
184
1
186
191
1
