3
160
19918
4
22
2216
4
22
3390
14
40
5283
24
35
1278
31
154
15823
35
45
1146
37
50
2467
37
50
872
38
47
1318
38
53
1608
41
52
3216
47
63
2112
48
68
2218
49
60
1422
52
93
5858
54
68
2135
56
77
4510
58
99
9830
62
72
2378
67
139
6162
69
72
420
71
156
17174
72
87
1680
75
80
1180
75
100
4048
76
82
1163
77
80
508
77
90
1384
85
101
1468
85
120
6581
88
102
1621
94
101
1402
99
110
2147
99
111
1555
100
115
2027
103
108
1019
103
110
1165
105
111
960
107
110
313
111
127
3168
119
122
562
122
133
2407
124
133
1108
125
135
1587
143
147
724
144
159
4378
152
160
2205
155
158
396
