0
41
8247
1
9
1634
1
11
2819
2
60
9889
3
15
1614
3
16
2579
3
57
7302
4
29
3050
4
50
5650
6
12
566
7
17
1468
9
13
427
9
14
924
9
16
1840
9
26
3558
10
18
2050
10
21
3005
10
42
2034
12
21
954
13
31
2441
14
23
1710
16
23
873
17
32
2444
17
34
2738
17
60
8768
18
22
510
18
28
1380
18
34
2315
18
35
2772
20
26
740
20
37
3868
22
30
697
22
37
1405
23
28
1054
23
43
4034
24
42
4691
25
30
1010
25
61
3191
26
34
1716
27
37
2354
27
39
1870
28
40
994
32
43
1927
32
44
1104
34
36
524
34
37
751
35
44
1816
35
51
1712
35
51
1713
35
57
2134
36
48
2644
37
54
2344
38
50
1193
39
56
3077
41
50
818
41
52
2410
42
54
2156
42
58
4475
43
54
857
44
54
822
53
57
940
55
57
653
