4
25
3881
6
19
1493
26
33
1448
27
485
105076
29
53
2960
33
42
2027
55
78
3990
62
305
41790
64
72
1261
64
465
55042
66
81
1252
68
76
1705
74
76
496
75
88
1419
88
95
588
89
111
3599
91
95
871
116
137
5021
138
161
3798
139
144
485
139
150
924
142
158
3052
152
166
1938
157
174
4032
180
201
4969
180
501
34931
198
355
19437
201
207
991
202
217
3552
217
325
17714
223
239
2519
251
266
2054
270
280
1169
272
548
47228
275
282
933
276
289
2760
291
301
1215
306
316
2742
327
334
482
328
346
3061
342
365
4398
365
385
2333
367
374
859
387
471
14236
399
423
6638
400
422
2580
400
502
19890
404
414
1456
421
433
2977
438
447
891
459
475
4213
476
480
372
500
507
1395
507
522
1253
543
552
1318
552
557
734
