0
17
3709
0
53
3417
1
55
12482
1
57
9985
2
51
8718
3
13
1499
3
15
1999
4
13
1725
4
18
2145
5
11
1385
5
15
1185
8
21
1951
10
39
3405
12
26
1113
12
41
3172
13
17
430
13
31
3831
14
23
2399
14
32
2656
14
44
3165
15
22
864
15
40
4198
16
32
2482
16
33
3715
17
33
3074
18
20
528
18
32
3538
19
30
1943
19
37
4882
20
44
2730
23
35
1802
23
45
3500
24
30
1159
24
54
4576
26
35
1662
27
43
2235
27
50
5345
28
38
1137
30
44
3066
32
44
1326
33
38
1218
33
45
3019
33
55
2581
35
56
2398
36
42
1270
36
48
1765
36
56
3415
37
47
1864
37
49
2944
40
45
913
42
46
896
45
51
402
46
56
1308
