0
9
1
8
52
1
9
14
1
11
22
1
13
123
1
14
28
1
14
29
1
15
23
1
19
29
1
20
26
1
26
44
1
27
49
1
28
107
1
30
38
1
34
47
1
34
102
1
38
64
1
42
52
1
43
47
1
43
47
1
43
61
1
46
56
1
47
60
1
47
68
1
49
65
1
52
58
1
53
75
1
55
118
1
57
62
1
58
147
1
61
63
1
61
72
1
66
82
1
67
129
1
68
90
1
69
86
1
83
91
1
86
94
1
93
116
1
95
104
1
96
106
1
102
107
1
106
108
1
107
112
1
107
122
1
108
116
1
115
130
1
116
129
1
120
131
1
121
135
1
126
132
1
126
148
1
127
134
1
129
143
1
130
136
1
130
147
1
132
141
1
136
140
1
136
141
1
144
145
1
