0
8
1637
0
9
981
0
14
1973
0
24
6778
0
68
17084
1
9
1094
1
24
4991
2
12
1314
3
27
5484
4
18
2028
5
48
11443
6
11
989
6
18
1163
6
21
1708
7
27
5397
9
12
769
9
28
1451
9
28
2772
9
33
3046
11
28
3042
12
23
1737
14
25
2431
16
20
798
16
27
1041
17
28
1268
19
26
1443
21
28
1308
21
34
2147
21
64
4348
22
31
1779
26
34
1136
26
34
1104
28
45
1757
29
32
395
31
50
3115
32
54
2857
33
45
2532
33
51
2356
36
37
188
37
53
3083
37
56
5245
38
51
3477
38
57
3263
39
43
546
39
58
2847
42
54
1589
42
66
6351
44
68
5687
46
48
260
47
59
2059
47
59
1330
50
68
2585
56
69
1220
57
66
1709
57
69
738
65
67
380
