8
12
1
9
191
1
15
27
1
18
38
1
19
33
1
20
43
1
25
31
1
34
48
1
36
55
1
36
257
1
42
53
1
46
300
1
50
66
1
52
62
1
52
88
1
56
62
1
74
85
1
76
85
1
85
216
1
86
99
1
96
106
1
101
115
1
105
285
1
115
129
1
127
137
1
135
223
1
140
153
1
143
145
1
147
171
1
153
305
1
154
163
1
163
173
1
176
184
1
176
194
1
187
199
1
187
205
1
196
215
1
200
205
1
203
222
1
204
216
1
209
218
1
218
229
1
223
239
1
223
250
1
225
291
1
233
255
1
235
254
1
236
255
1
237
243
1
239
250
1
241
255
1
244
247
1
246
269
1
247
253
1
257
273
1
266
273
1
272
275
1
275
293
1
280
286
1
281
287
1
288
294
1
289
304
1
299
310
1
310
318
1
