11
38
1
12
20
1
16
22
1
25
199
1
31
45
1
37
154
1
47
75
1
57
61
1
60
63
1
63
75
1
66
76
1
76
95
1
76
96
1
78
86
1
84
92
1
87
97
1
89
98
1
98
104
1
103
119
1
108
121
1
108
121
1
109
127
1
118
119
1
122
139
1
123
128
1
128
140
1
153
166
1
172
196
1
175
196
1
176
188
1
182
196
1
183
193
1
184
194
1
191
199
1
192
210
1
194
222
1
197
208
1
201
206
1
202
203
1
206
218
1
209
232
1
210
223
1
220
232
1
221
239
1
223
236
1
225
231
1
225
234
1
227
234
1
229
234
1
229
239
1
235
245
1
235
250
1
244
258
1
256
270
1
258
283
1
260
269
1
266
275
1
269
273
1
