1
4
620
1
8
1721
1
50
4411
1
83
13136
2
4
590
2
14
2790
4
10
1143
5
14
691
8
12
891
10
23
2210
10
106
17159
11
26
3034
13
19
1440
13
23
2039
15
19
362
16
85
12714
18
22
423
23
30
688
23
89
8723
27
46
4398
28
36
932
34
47
4001
34
50
1233
34
52
5237
37
97
8073
38
43
1667
40
48
1324
41
49
1043
43
48
802
44
48
612
44
73
7682
45
68
1996
47
69
4174
49
53
693
50
89
3175
53
88
2476
54
73
1953
56
58
204
56
68
1212
56
77
1886
58
76
2041
64
70
807
66
77
1669
67
71
1000
67
80
1884
69
71
648
69
82
1394
71
88
2301
71
89
1578
71
92
3735
74
93
5208
77
86
1305
78
93
2218
79
86
961
81
88
1421
81
90
1561
83
87
546
83
90
1014
84
93
2855
85
106
3155
86
100
1119
87
103
4309
89
99
2818
96
101
602
