1
92
12761
4
17
2962
4
90
15201
5
18
2329
5
88
16759
8
32
3534
12
59
6566
13
19
994
13
80
11468
14
32
1541
15
36
5173
16
26
2033
18
24
938
20
77
6059
25
29
1074
26
52
7016
27
39
1494
27
58
4645
29
40
1318
29
43
873
30
35
1619
31
46
2034
33
51
2624
33
58
2578
34
50
1358
35
49
2069
39
60
4104
40
56
4469
40
57
2612
43
47
1093
43
47
921
46
68
6166
48
54
697
49
53
498
49
65
4740
50
76
7422
51
69
1459
52
60
886
53
69
1569
58
66
2470
60
69
1356
60
76
3260
60
78
1471
60
80
3062
61
71
1289
61
74
3182
61
76
1545
64
75
1109
65
77
2067
65
79
2157
68
89
4089
71
74
433
76
91
3696
76
93
3135
87
93
697
89
94
724
90
94
1341
