6
138
26702
9
159
17629
13
32
1821
14
33
4622
23
35
3708
23
36
1991
26
35
1651
27
43
1471
29
49
2154
34
42
1346
36
62
2741
38
45
1838
39
40
209
41
55
1265
41
61
4949
42
182
13421
44
54
1775
45
51
1389
45
70
2409
45
79
2521
48
61
2430
50
66
4009
50
169
12615
51
71
3391
52
119
9408
52
169
20229
61
70
1228
69
91
2313
77
82
1693
77
87
1075
77
95
1688
78
91
2388
79
93
1520
80
124
3066
89
100
2657
99
108
1087
100
103
627
102
103
173
104
117
2373
110
132
2665
112
121
1363
117
154
3644
119
133
1494
121
126
608
129
137
2254
131
144
2930
138
156
3884
141
147
1212
143
144
152
143
160
2360
150
175
4741
152
176
2936
159
166
629
160
166
1213
169
173
1049
