0
64
5940
1
45
2995
2
8
619
2
20
4326
3
15
3437
4
43
6202
5
6
508
5
20
1788
5
57
5263
6
20
2104
7
19
1759
7
63
5239
8
18
2739
8
34
3032
9
10
553
9
23
2517
10
20
1112
10
63
5482
11
19
521
11
21
852
12
31
2970
12
32
5265
14
23
853
14
38
1929
15
45
4732
16
31
1545
16
33
2834
17
30
2105
17
58
10523
18
22
747
18
29
1083
20
23
321
24
35
1599
26
34
1381
27
28
349
30
44
2714
31
54
3330
34
41
1895
35
42
836
35
47
1599
35
48
2334
36
54
2205
37
49
1230
37
54
1652
39
52
3865
42
48
1552
42
62
3521
42
64
1948
45
51
979
46
51
1260
48
54
830
48
56
2080
48
57
1459
49
51
647
51
63
1213
53
59
1589
53
64
1563
55
63
2372
