2
11
1482
2
541
64837
10
136
14898
14
33
4046
16
282
27335
21
37
2061
50
62
3083
59
70
1516
68
94
2484
68
94
4191
72
91
5315
72
481
115530
80
462
33790
81
95
1804
91
105
1023
95
106
2070
97
101
995
99
112
1379
108
130
5990
110
123
3859
117
125
785
120
129
1512
143
152
1089
152
156
500
174
180
1795
177
187
1843
185
195
1022
188
202
3139
199
213
1519
199
216
2529
209
219
1706
235
244
1851
245
251
1118
254
260
652
287
293
1341
312
317
1496
321
349
6587
322
337
2316
329
344
3215
354
370
2780
355
365
2387
359
375
1474
365
375
913
398
419
3275
420
427
1333
453
462
1802
469
480
2289
489
510
2714
494
521
5856
501
522
2372
506
514
1010
506
519
2482
506
523
3560
517
534
1209
523
539
2418
