2
12
607
11
31
2315
18
25
1058
18
30
974
21
41
2127
23
364
72373
54
61
706
60
74
1974
62
72
1255
82
385
24260
90
106
2683
90
208
18939
93
113
2637
111
125
2666
141
156
2772
146
160
1988
153
274
18520
154
172
1752
161
163
591
175
189
2011
182
383
18880
189
215
4820
206
219
1241
227
240
2543
234
242
1919
238
239
454
252
264
1411
253
259
1032
257
269
3319
258
269
803
267
270
735
267
275
918
274
284
3126
318
333
2292
337
342
1400
347
359
1046
355
373
4303
363
369
963
367
387
2140
371
381
1149
382
398
2025
390
403
3905
407
410
490
408
430
3456
419
424
521
425
440
3465
446
460
1872
