0
14
2421
2
62
6351
3
11
1363
3
12
1226
4
13
962
5
12
1381
7
30
3236
8
16
1218
9
16
1815
9
19
1219
11
15
1110
12
14
412
13
28
1801
18
85
13051
21
44
4437
22
34
1995
23
38
3091
26
32
1194
27
36
962
30
34
343
30
51
4744
30
76
5621
31
37
1142
33
49
1986
34
48
3088
35
40
678
38
42
951
38
43
682
38
56
4757
39
56
2768
39
90
10785
42
52
2663
44
52
1180
44
56
1406
44
56
1197
44
64
4074
46
65
3349
47
61
2479
48
62
2746
48
62
1857
52
77
3714
53
69
3225
54
68
1997
55
63
1412
56
64
1305
56
72
4751
57
63
1440
58
80
4995
63
70
1774
63
72
2239
66
81
2172
67
73
1906
72
74
383
75
92
1352
76
92
2510
77
89
3165
78
84
826
82
88
651
