4
25
1
6
19
1
26
33
1
27
485
1
29
53
1
33
42
1
55
78
1
62
305
1
64
72
1
64
465
1
66
81
1
68
76
1
74
76
1
75
88
1
88
95
1
89
111
1
91
95
1
116
137
1
138
161
1
139
144
1
139
150
1
142
158
1
152
166
1
157
174
1
180
201
1
180
501
1
198
355
1
201
207
1
202
217
1
217
325
1
223
239
1
251
266
1
270
280
1
272
548
1
275
282
1
276
289
1
291
301
1
306
316
1
327
334
1
328
346
1
342
365
1
365
385
1
367
374
1
387
471
1
399
423
1
400
422
1
400
502
1
404
414
1
421
433
1
438
447
1
459
475
1
476
480
1
500
507
1
507
522
1
543
552
1
552
557
1
