0
25
4244
2
10
889
2
21
5212
2
27
7160
2
82
9074
3
22
3193
3
84
12339
4
6
706
5
13
1873
5
19
1638
5
81
9392
11
20
954
14
26
1459
17
23
744
19
32
1396
21
32
1546
22
30
1906
23
33
862
23
39
3531
26
38
1280
26
40
2444
26
45
3424
26
46
3584
27
37
1999
31
42
2140
31
55
2217
34
39
431
34
46
2341
34
78
3168
35
40
1329
35
46
1158
37
55
3724
37
61
4756
38
51
1703
40
47
464
41
55
1881
41
58
1590
44
57
2073
45
69
5391
46
51
1139
49
58
1960
50
62
2077
52
60
2005
52
64
1142
55
79
4659
57
64
1285
58
64
943
60
70
1389
61
71
1467
61
75
949
63
76
1861
65
72
2100
65
78
845
67
82
1879
68
77
1564
73
80
959
73
84
2360
75
84
1219
77
80
393
79
84
844
