1
56
9945
2
19
1910
2
26
5866
3
18
3461
4
7
442
5
26
6165
6
14
1021
7
9
323
8
20
2626
8
21
1375
10
13
486
10
20
1321
14
29
2920
17
22
718
17
32
2861
18
28
720
19
68
9425
20
29
1055
22
47
3395
23
40
4102
24
27
513
24
31
1110
25
38
3440
26
44
3823
27
33
1204
27
69
3536
28
32
311
28
51
4653
29
36
833
29
47
2159
31
38
1304
37
47
1075
38
94
8260
40
48
798
41
49
1174
41
56
1229
43
48
598
46
53
505
48
52
1252
48
58
2942
54
74
4557
57
72
3042
57
100
3165
59
66
1279
60
71
2020
61
71
1266
64
83
2703
66
69
684
67
69
259
67
80
1830
68
77
1749
68
87
1848
70
93
2522
71
83
2044
74
83
1686
77
84
2234
81
103
3994
83
89
798
83
96
1072
84
92
830
85
102
1761
86
93
1349
89
103
3128
