6
9
1
9
16
1
13
19
1
17
27
1
18
23
1
21
37
1
25
32
1
27
38
1
27
50
1
37
46
1
42
60
1
43
51
1
61
272
1
66
75
1
73
90
1
87
98
1
87
100
1
100
104
1
111
117
1
117
131
1
130
137
1
150
166
1
153
162
1
159
559
1
169
176
1
188
201
1
196
217
1
200
210
1
202
456
1
208
223
1
216
217
1
219
226
1
234
248
1
252
270
1
264
284
1
266
270
1
272
279
1
276
300
1
277
285
1
299
307
1
332
338
1
336
350
1
343
347
1
344
355
1
348
355
1
354
372
1
372
383
1
382
389
1
384
388
1
404
416
1
464
471
1
527
543
1
533
539
1
536
540
1
545
558
1
547
558
1
