1
89
11400
2
89
23646
3
18
2587
5
21
2046
5
23
1917
6
7
254
6
19
1611
7
60
9845
9
32
4735
9
59
8496
10
14
677
12
35
5073
14
21
1210
14
63
5079
16
85
14800
17
19
429
18
23
1547
19
36
1608
20
31
1515
20
42
3191
22
25
450
23
34
1991
23
47
2424
24
67
4253
25
48
3453
26
46
4015
26
76
5816
29
41
2167
30
38
1464
30
40
2373
31
43
881
32
36
469
35
49
2429
36
53
4424
37
51
1953
37
81
7543
39
43
820
39
49
1573
39
56
1962
40
50
1163
40
52
1029
44
48
382
44
49
1259
44
55
2380
44
62
5569
45
69
2594
46
47
442
46
65
3003
48
57
998
48
66
2752
49
66
3316
51
59
1197
53
75
3158
55
77
3333
57
75
1953
58
64
953
58
67
1028
58
75
4503
58
77
3358
60
85
4062
61
73
2761
65
82
1064
68
74
929
70
90
3785
