4
13
1569
26
36
1373
33
41
1898
66
85
3185
69
72
505
69
77
1115
72
88
1831
97
103
508
107
118
2704
107
124
2529
107
128
2136
110
119
2812
114
117
970
121
141
3139
121
144
3333
125
133
1171
135
340
23770
137
142
359
137
143
667
153
167
3375
166
168
571
173
186
1183
187
189
412
203
209
812
203
224
4823
237
251
2113
242
247
984
248
265
1781
249
276
3015
260
271
1350
260
273
1701
266
286
1981
278
284
570
289
307
1454
290
299
833
300
306
1831
315
397
21160
332
344
1683
334
342
1954
340
358
2519
356
366
933
365
370
512
369
556
20256
397
406
2516
407
414
931
409
425
1727
429
445
2679
438
441
673
450
467
3007
451
470
1721
471
479
2226
482
489
873
507
520
1404
529
545
3273
534
546
2682
536
554
5368
539
552
2311
551
567
2432
553
564
2224
561
574
2049
568
579
1314
585
589
1132
585
596
2157
