0
4
1147
0
4
401
1
8
1520
1
15
1481
2
18
3608
3
50
4116
3
68
5510
5
16
2244
5
18
1492
6
20
2336
6
21
1306
7
11
854
8
23
2063
8
28
2286
10
60
4954
11
20
2443
11
20
654
11
29
4039
12
16
396
13
19
444
15
66
9683
17
26
543
17
29
1023
19
57
9900
20
25
557
20
32
1017
20
40
3658
21
25
599
22
25
695
22
40
3782
22
42
2622
23
36
2611
24
35
1366
24
45
1896
25
49
2058
28
32
1421
29
44
1719
31
55
4141
32
48
3447
32
56
3160
33
35
508
36
45
1426
36
47
996
36
58
4703
37
48
2225
37
50
1552
40
51
1473
41
49
1255
42
67
2363
43
45
631
43
57
2529
46
54
1160
51
60
2745
53
61
1593
55
63
1029
