0
95
10764
6
79
12675
9
16
1160
9
19
2301
9
97
6179
10
25
2035
12
27
4242
15
29
1383
19
34
2335
21
38
1680
23
30
1875
24
30
965
27
43
2467
29
34
935
31
54
3483
33
47
3545
36
47
1499
38
44
1320
44
51
1603
44
61
1824
48
61
2084
49
58
1243
53
69
3063
55
60
880
58
79
5942
60
71
1007
60
80
1589
60
84
3381
61
70
1922
62
73
1097
64
90
3384
65
78
1148
67
88
5003
69
75
946
72
81
2500
72
90
2480
74
86
2545
75
82
1184
75
87
2466
78
90
858
85
90
663
86
101
1262
88
105
2984
93
110
1591
96
101
827
101
105
398
103
109
671
105
122
1356
115
123
656
116
125
1360
119
127
1346
