0
160
1
2
186
1
2
202
1
3
15
1
11
23
1
11
29
1
14
27
1
15
91
1
24
47
1
30
53
1
34
45
1
36
54
1
38
186
1
44
109
1
47
56
1
48
66
1
49
54
1
49
55
1
51
65
1
51
71
1
55
59
1
60
63
1
60
64
1
61
72
1
62
193
1
63
200
1
69
83
1
71
82
1
74
95
1
77
87
1
88
95
1
89
99
1
89
102
1
95
103
1
101
111
1
102
115
1
103
117
1
105
122
1
107
110
1
112
121
1
114
120
1
115
124
1
119
136
1
122
140
1
124
140
1
132
144
1
133
156
1
141
146
1
149
175
1
152
162
1
153
176
1
155
163
1
157
170
1
176
179
1
177
194
1
177
197
1
179
192
1
180
188
1
186
190
1
187
194
1
193
203
1
