0
21
2379
1
14
1116
1
17
2309
2
13
831
2
13
2334
2
17
1705
4
16
2211
4
21
2039
5
9
832
5
14
2336
5
26
2548
6
45
5571
8
14
510
8
22
1459
8
23
1949
8
50
3080
9
10
343
9
34
3981
9
46
4399
11
16
1519
12
30
2641
15
18
832
15
30
1224
15
32
2434
16
22
723
16
28
1921
16
33
2165
16
36
5248
17
22
637
17
29
2422
17
36
2850
18
28
2309
21
29
1838
21
33
2525
21
45
2677
23
31
830
23
36
1482
23
47
2204
23
48
2441
24
27
456
24
39
1234
29
32
409
29
39
1381
30
49
2467
30
51
3665
32
36
323
32
51
4257
33
43
2500
33
44
1146
35
45
973
36
50
2245
40
43
531
41
44
602
43
48
1627
