0
57
11634
1
14
2930
1
21
3551
2
40
4082
3
8
1009
3
13
3225
3
29
2008
3
57
11141
7
24
1614
8
30
1653
9
29
2973
9
32
5114
11
29
2810
12
19
1399
15
33
1268
17
61
11712
18
28
2014
18
32
1637
18
32
3523
24
31
1716
24
32
1280
25
35
1037
26
37
3331
26
45
2556
27
37
1830
27
37
1814
28
33
1038
28
38
1002
28
56
3886
29
31
625
29
39
1336
29
49
1843
30
50
1586
31
57
2489
33
42
1203
33
42
2133
33
58
2733
34
38
791
35
42
699
35
48
2476
35
54
4646
35
58
5184
36
51
2439
37
44
936
38
45
1061
38
47
1095
38
54
2984
39
41
480
42
50
919
44
48
680
47
52
1165
47
59
866
53
58
1198
54
56
261
58
61
359
