0
13
1862
1
13
1397
2
14
1215
2
15
1336
2
54
4520
5
15
2960
5
29
3455
5
55
4563
6
18
1599
6
22
1697
7
12
679
7
24
1562
8
21
3488
8
37
6547
8
37
3546
9
18
2146
10
13
615
10
24
1954
10
37
3539
12
31
3875
12
34
1769
13
16
610
13
27
1479
15
31
4664
16
20
532
17
35
2138
17
35
3794
18
22
942
19
23
1004
20
35
2026
21
31
1455
21
42
1570
24
34
1063
25
30
752
27
38
1886
27
43
4053
30
44
3003
30
45
2954
30
56
3270
31
46
2878
31
52
2278
34
45
1776
36
42
797
36
48
1667
37
44
689
37
55
1363
37
56
1285
39
46
898
39
52
2489
40
53
2703
43
52
1923
50
55
1016
