2
192
32243
13
25
1273
19
25
747
22
38
3445
26
199
24614
38
39
451
39
47
867
41
55
2251
43
55
1248
43
64
3110
51
62
2428
59
71
1802
60
74
3398
63
77
1796
63
81
2861
77
91
4175
90
140
9037
91
102
2805
97
119
5551
102
117
1136
108
112
435
109
139
3185
120
139
3059
125
144
3328
129
139
3052
132
142
1831
133
134
243
137
148
1784
139
154
1993
144
154
1707
147
155
2450
150
159
1789
151
176
5566
153
167
1782
156
167
917
162
164
216
162
175
1033
165
178
2419
181
193
1855
190
201
2260
191
193
699
193
202
1014
194
206
3174
