0
9
2380
0
67
13409
3
15
1857
3
19
4507
3
65
7757
4
29
4220
4
56
7903
5
15
841
7
13
1943
7
24
3196
8
9
130
12
22
1090
13
19
1212
13
69
5745
15
32
2320
17
29
2253
17
37
4912
19
32
2185
19
64
7786
20
26
746
21
25
852
22
30
1087
22
38
2113
24
41
1616
24
44
2843
25
31
1520
26
28
788
28
34
1251
28
42
3131
28
51
3124
30
45
2689
30
52
3658
32
46
1177
33
45
1270
33
46
1238
34
44
1532
34
49
3225
35
44
1053
35
47
2571
35
58
4192
39
58
2873
41
50
1339
44
61
3651
46
52
866
46
65
1939
47
63
3683
48
61
2643
55
62
513
57
62
777
