2
17
1
3
48
1
11
19
1
18
35
1
30
45
1
30
57
1
39
42
1
43
63
1
44
54
1
47
55
1
47
63
1
48
57
1
55
71
1
57
73
1
62
79
1
70
76
1
75
88
1
82
99
1
90
105
1
91
107
1
94
110
1
95
111
1
100
113
1
100
116
1
119
122
1
124
134
1
135
156
1
138
157
1
146
155
1
147
173
1
156
168
1
159
171
1
160
169
1
161
170
1
164
166
1
164
192
1
174
192
1
178
192
1
183
194
1
183
203
1
183
205
1
188
202
1
193
198
1
194
198
1
206
211
1
206
221
1
207
211
1
211
225
1
218
225
1
218
227
1
223
228
1
240
255
1
241
252
1
245
253
1
248
257
1
250
256
1
254
263
1
260
270
1
268
289
1
271
287
1
283
294
1
