0
158
1
1
79
1
9
18
1
9
85
1
9
159
1
10
22
1
10
143
1
11
30
1
11
118
1
12
99
1
13
15
1
17
24
1
18
28
1
22
43
1
23
35
1
31
46
1
33
38
1
33
49
1
34
58
1
35
44
1
39
42
1
42
124
1
45
66
1
48
69
1
49
55
1
49
56
1
50
52
1
55
130
1
60
74
1
63
158
1
67
89
1
69
86
1
71
75
1
72
91
1
73
82
1
76
96
1
79
94
1
80
92
1
83
156
1
84
94
1
95
104
1
100
116
1
101
110
1
102
120
1
102
120
1
104
116
1
105
113
1
107
116
1
108
118
1
110
130
1
115
135
1
116
118
1
118
126
1
122
133
1
123
126
1
124
128
1
124
146
1
125
147
1
131
144
1
133
138
1
133
149
1
139
158
1
140
143
1
145
147
1
