1
18
2534
1
20
2848
2
9
657
4
13
2056
4
15
2418
5
15
1258
5
27
5575
5
48
7765
5
50
10180
7
17
985
7
19
2668
7
19
1436
8
54
4834
11
26
1695
12
25
1432
13
15
232
13
19
1669
17
24
699
17
27
2036
18
26
869
19
27
1697
22
26
593
22
47
3613
27
34
1818
27
46
4141
28
31
622
28
43
2981
29
31
626
29
43
1795
30
41
1447
30
54
2267
31
39
1807
32
41
1635
32
47
3364
33
41
862
33
54
5043
34
41
1465
35
40
945
35
42
1509
36
38
303
36
47
1458
36
49
1120
39
50
2906
39
51
1808
40
43
433
42
43
322
44
52
509
45
49
1124
47
50
311
49
50
196
