4
13
1
26
36
1
33
41
1
66
85
1
69
72
1
69
77
1
72
88
1
97
103
1
107
118
1
107
124
1
107
128
1
110
119
1
114
117
1
121
141
1
121
144
1
125
133
1
135
340
1
137
142
1
137
143
1
153
167
1
166
168
1
173
186
1
187
189
1
203
209
1
203
224
1
237
251
1
242
247
1
248
265
1
249
276
1
260
271
1
260
273
1
266
286
1
278
284
1
289
307
1
290
299
1
300
306
1
315
397
1
332
344
1
334
342
1
340
358
1
356
366
1
365
370
1
369
556
1
397
406
1
407
414
1
409
425
1
429
445
1
438
441
1
450
467
1
451
470
1
471
479
1
482
489
1
507
520
1
529
545
1
534
546
1
536
554
1
539
552
1
551
567
1
553
564
1
561
574
1
568
579
1
585
589
1
585
596
1
