0
14
3097
1
81
9661
3
13
1643
3
19
1837
3
72
4594
4
16
1362
5
26
3384
6
24
2622
6
78
9260
7
21
803
8
15
642
8
15
747
8
25
2627
8
31
2911
8
65
9498
9
16
1329
10
23
1959
11
19
1057
11
33
2114
13
37
3606
14
24
1223
16
19
342
20
34
2850
20
61
4763
25
41
2909
27
46
4612
28
42
1308
29
34
792
32
44
2114
34
58
4835
35
44
1347
39
46
1352
42
58
3282
43
58
3284
43
59
3299
43
62
3158
44
54
2081
50
59
1505
50
73
3950
51
58
1716
51
64
2788
51
65
1707
53
70
1783
59
67
1921
64
70
499
66
76
1471
68
70
352
68
78
1944
75
78
307
