0
12
3253
1
6
677
4
15
1066
4
20
3184
4
54
10821
4
79
12191
5
12
1054
5
16
2816
5
19
2542
6
18
3621
6
23
1694
8
25
2025
9
28
2975
9
28
1755
9
80
6730
11
26
2709
11
84
14057
12
26
1394
13
21
1144
13
27
2372
15
25
757
16
26
995
19
43
4278
21
35
3737
21
39
2797
22
31
810
24
33
1533
24
39
2124
25
33
954
26
69
4028
26
78
3402
28
35
773
28
44
3042
30
49
4349
32
45
3473
33
35
546
36
42
1486
36
58
1892
37
47
1815
42
62
2358
44
54
1307
45
58
3016
46
56
1243
48
68
1992
48
85
6491
49
54
1212
51
57
619
52
62
2081
53
62
1976
53
67
1054
55
69
2733
55
83
6840
56
71
2625
61
78
5058
63
76
2645
64
72
1299
64
73
1600
67
72
1329
71
79
1411
75
84
903
