0
8
673
0
92
12814
0
96
14349
1
21
5575
1
98
8219
1
99
22250
3
12
1567
8
26
2650
12
87
11778
12
98
6993
14
28
2565
14
31
3620
14
36
3541
15
21
845
17
38
3531
20
41
1983
21
24
527
21
27
698
23
77
6972
26
48
4872
26
49
4266
27
42
2132
28
32
618
30
52
2784
32
49
1748
35
98
8024
36
42
643
38
49
2999
38
53
1916
39
46
1601
39
62
4160
47
61
1750
49
65
1480
52
65
2960
54
74
4743
55
76
4269
57
67
1236
59
62
273
59
74
2420
60
72
1545
60
78
2308
61
75
1792
62
73
1076
63
75
2044
63
88
5062
64
73
1011
66
73
1126
69
85
1730
70
72
330
71
75
564
72
81
1575
74
81
650
74
97
3440
75
84
1557
76
83
2035
77
96
2951
78
86
1539
80
97
1286
80
97
3294
83
96
2398
