2
6
1
3
27
1
10
21
1
14
24
1
20
31
1
32
53
1
43
468
1
48
63
1
53
570
1
65
79
1
66
84
1
82
93
1
105
116
1
108
125
1
112
132
1
118
126
1
124
128
1
125
223
1
127
130
1
139
143
1
158
177
1
159
162
1
160
166
1
177
195
1
202
204
1
231
256
1
237
248
1
243
572
1
256
266
1
259
277
1
263
286
1
294
300
1
309
319
1
315
326
1
316
338
1
329
331
1
337
353
1
340
350
1
357
364
1
362
366
1
375
390
1
391
404
1
393
412
1
404
425
1
413
417
1
422
433
1
423
445
1
432
449
1
444
457
1
466
488
1
480
488
1
483
488
1
486
502
1
487
496
1
517
523
1
517
528
1
524
548
1
529
556
1
553
573
1
567
571
1
