0
8
1
8
21
1
18
26
1
24
33
1
30
582
1
36
43
1
41
292
1
42
47
1
42
60
1
55
76
1
64
86
1
65
458
1
71
82
1
99
115
1
116
510
1
144
168
1
152
161
1
154
174
1
168
409
1
175
186
1
185
194
1
187
195
1
187
196
1
234
238
1
240
254
1
255
266
1
258
264
1
262
273
1
262
285
1
276
288
1
280
295
1
302
314
1
307
322
1
317
326
1
332
340
1
346
353
1
350
361
1
357
375
1
387
415
1
418
424
1
428
429
1
434
451
1
438
452
1
446
453
1
457
474
1
460
484
1
464
478
1
468
481
1
469
477
1
480
486
1
488
498
1
499
517
1
527
537
1
530
548
1
541
558
1
551
571
1
565
576
1
568
588
1
581
596
1
596
607
1
601
619
1
602
619
1
