0
104
11930
0
105
19904
7
14
920
9
22
3845
9
30
5486
9
74
8367
10
18
1398
12
32
5420
13
35
1866
14
38
3436
15
19
875
15
26
2063
17
27
1061
17
28
1599
19
21
514
24
28
847
27
45
1393
29
76
10361
35
44
1175
42
48
594
44
55
835
44
59
1695
47
51
397
47
52
940
47
56
2520
49
54
1186
50
60
1381
51
62
2523
51
68
2964
54
60
1081
55
60
673
59
70
1346
60
71
1809
60
78
2558
60
80
2281
61
71
1955
63
76
2699
63
82
3157
64
67
627
67
74
1208
67
80
1112
70
82
1451
72
96
3801
76
87
1152
77
84
1459
80
90
3090
80
92
1601
81
84
519
81
90
1690
81
95
1889
82
87
444
82
95
1635
90
101
2685
