0
20
1
0
80
1
0
106
1
1
101
1
4
106
1
6
17
1
8
21
1
8
53
1
10
18
1
15
22
1
15
100
1
16
100
1
19
103
1
20
36
1
22
45
1
28
33
1
30
47
1
32
46
1
32
57
1
34
45
1
39
106
1
40
54
1
44
53
1
44
63
1
45
56
1
46
56
1
46
72
1
47
54
1
48
56
1
51
73
1
52
57
1
52
65
1
53
60
1
56
61
1
57
61
1
57
64
1
57
79
1
58
62
1
59
70
1
60
64
1
60
69
1
60
77
1
66
70
1
66
80
1
66
88
1
68
76
1
69
84
1
70
87
1
71
94
1
74
89
1
74
92
1
77
88
1
77
89
1
78
104
1
81
92
1
83
95
1
86
94
1
86
98
1
87
97
1
90
99
1
90
100
1
90
105
1
92
100
1
95
103
1
