0
58
9241
1
86
13863
4
14
2408
12
86
17316
14
122
15792
16
34
2554
16
55
2818
17
34
1375
20
31
2034
20
43
3679
20
124
9811
28
43
1199
30
47
2214
31
36
506
33
38
676
33
51
3994
34
39
542
36
47
1603
38
48
1589
40
86
6387
41
51
1237
43
61
3773
44
68
1735
47
65
3819
48
65
1234
49
122
5865
50
54
727
58
76
2758
62
73
1570
63
70
688
63
82
3981
65
76
3047
68
69
217
68
84
3377
70
86
4853
77
79
667
77
97
2581
79
86
1776
85
97
924
87
92
637
89
93
547
89
98
1179
92
98
1679
92
109
3299
93
102
1626
94
110
2138
95
108
1272
97
107
701
98
107
1630
105
120
2069
109
120
2595
