0
11
1450
0
43
4017
1
5
832
2
8
1755
2
12
1806
3
11
1008
3
19
2087
3
23
3581
6
10
400
6
15
1158
6
26
1477
6
52
5299
8
13
711
9
16
1289
9
28
2340
10
26
4133
10
33
3280
10
35
2183
11
32
3216
12
13
199
12
38
4825
13
23
753
13
57
6802
14
32
2953
15
31
4038
16
34
3298
17
25
1166
18
24
1009
21
28
926
21
29
1885
21
32
2454
25
31
1080
25
42
1773
27
31
792
28
34
802
28
43
1838
29
37
743
29
40
1989
30
42
1842
31
46
1486
31
50
1184
31
51
5271
32
48
3048
34
48
1067
36
58
4185
37
44
919
38
57
1879
39
47
1764
40
57
2014
41
55
1959
41
56
3509
41
60
4242
41
62
2531
42
60
1237
43
48
1391
43
58
1340
44
51
1073
45
48
1049
45
51
730
46
52
558
50
57
892
55
58
1051
61
62
274
