26
34
1218
29
47
3344
32
37
1231
43
49
870
55
554
45323
60
560
54937
62
78
1398
64
344
53284
66
78
1524
74
89
1672
82
94
1734
85
101
2587
99
110
2283
104
106
565
108
130
5227
112
131
3551
119
125
571
119
131
1549
122
131
1189
125
151
4196
153
164
1425
163
178
3073
164
171
787
180
197
3462
188
197
1362
188
202
3980
191
589
43259
217
227
2284
261
275
2936
262
271
1991
265
289
5908
274
295
2165
282
301
2110
289
299
1484
299
321
2598
300
312
2853
328
348
1710
339
354
1753
379
384
1551
381
562
33726
386
392
1464
390
394
673
394
412
2984
400
411
1727
408
420
2724
413
420
1906
440
460
3021
452
465
2126
463
481
2630
465
476
902
476
490
2621
476
495
3200
498
500
889
505
520
1817
511
535
2982
531
543
2978
536
538
281
551
564
1611
560
572
2402
562
586
1483
562
590
5349
600
615
1604
607
627
2289
