0
1
1
1
16
1
1
78
1
5
84
1
7
14
1
9
11
1
10
29
1
11
26
1
12
192
1
13
29
1
13
41
1
14
38
1
15
26
1
23
43
1
30
35
1
30
41
1
31
32
1
31
32
1
31
98
1
32
37
1
32
45
1
33
178
1
40
64
1
47
64
1
48
65
1
51
57
1
54
74
1
55
68
1
61
70
1
62
66
1
62
86
1
70
72
1
75
80
1
77
78
1
77
85
1
80
104
1
82
88
1
86
102
1
106
119
1
108
121
1
109
113
1
116
124
1
116
135
1
127
136
1
127
142
1
128
143
1
131
193
1
132
146
1
133
146
1
134
155
1
143
155
1
152
164
1
156
167
1
156
171
1
159
181
1
160
167
1
160
180
1
178
184
1
183
194
1
