0
21
2411
2
22
1741
3
20
1824
4
12
1666
5
27
2740
5
28
2397
6
13
748
6
14
937
6
24
4656
6
24
3028
7
49
7804
8
31
2211
8
45
8143
8
50
4708
10
12
723
10
28
2916
11
16
1097
11
32
3637
12
21
2289
13
24
1481
14
33
1499
14
36
1973
16
23
1642
18
29
1062
18
31
1817
18
41
3144
19
27
2020
19
36
4814
19
40
2315
20
33
2512
21
30
2287
22
33
2143
23
41
3521
24
27
541
24
29
429
24
32
1635
24
33
606
24
40
1949
27
47
3218
28
30
221
28
45
1278
30
46
3069
31
39
2147
31
50
1792
31
51
1996
31
51
5921
32
39
1739
32
44
1672
32
50
2381
33
35
603
34
39
625
34
44
1847
