1
7
880
1
10
1386
1
33
6062
1
53
9977
2
12
1637
2
50
11602
4
53
4067
7
24
2452
9
19
875
9
20
1453
9
30
2981
10
22
1046
11
36
5427
11
42
8921
12
22
1123
12
25
3741
12
30
1198
12
32
3441
13
33
2538
14
27
1601
17
33
1962
17
42
5360
18
38
3788
19
27
1161
19
37
5131
21
38
3820
21
39
4890
22
39
1616
23
24
292
23
37
4065
23
37
3353
23
40
3559
24
28
617
24
33
1009
26
37
2460
28
46
2600
30
37
1210
30
41
2436
30
51
1836
31
32
339
32
46
1770
33
53
4288
37
39
689
37
45
1032
37
48
2687
39
46
890
39
53
1681
40
45
1247
40
51
1400
41
53
2480
42
53
1834
43
44
294
44
52
723
45
53
1059
