1
10
2143
8
18
2113
23
35
1875
26
37
1934
28
257
23619
38
136
6873
41
58
2424
44
68
2602
59
87
1747
61
150
6792
63
74
2147
70
84
1414
74
86
1440
79
90
1125
81
101
5476
86
100
1921
93
112
1434
96
107
2445
114
130
4192
126
150
2646
128
134
1124
131
143
1057
141
156
2494
143
150
2201
143
156
1691
146
152
1299
148
171
4406
149
166
2830
162
177
1000
163
170
717
167
172
1071
170
185
2863
175
181
937
180
182
478
182
192
1078
187
211
2642
188
198
1173
192
211
3680
199
219
2290
200
207
765
200
208
1238
200
217
1881
201
224
6115
202
208
1386
208
221
1031
219
227
1321
223
233
1834
223
234
1134
229
255
2408
234
250
2002
234
255
2854
238
259
3317
243
249
1101
245
256
1656
272
288
1966
275
287
2015
283
306
4856
287
307
4761
289
303
2268
289
313
2198
293
307
4370
297
306
1704
299
309
1645
