0
11
884
0
27
3695
1
45
7224
2
48
3376
2
59
9999
3
50
9771
4
15
1611
4
24
2055
4
27
5086
5
35
6398
5
58
11193
7
17
1325
7
24
2871
9
31
2353
11
28
2837
12
15
626
13
31
2625
14
33
1965
15
34
3998
16
24
1202
17
31
1356
18
33
1870
18
39
4861
19
36
2495
19
37
2839
21
26
1109
22
31
1113
22
54
4312
23
54
6968
25
33
907
28
37
2311
29
42
1920
29
45
2659
29
48
4085
30
40
2187
31
52
2927
32
37
1346
32
39
825
34
37
434
36
47
2388
37
51
3407
39
52
1671
40
58
2951
41
47
1698
41
53
2107
44
53
1507
44
53
910
50
59
1614
