1
75
10393
1
153
13212
3
91
8248
5
51
6534
6
10
481
7
13
1175
15
27
1526
16
27
844
34
45
2317
34
48
3981
37
43
506
38
43
1097
39
85
4842
40
49
1363
44
57
1426
52
58
929
56
150
8598
58
72
3366
61
69
1083
66
82
1741
73
80
1374
76
95
2650
77
158
14198
78
90
973
79
95
1177
80
93
2088
83
97
2253
84
108
3085
90
105
3101
92
106
2464
97
102
374
103
117
3942
114
134
2579
117
142
3511
121
132
1491
123
133
1873
123
133
2348
125
137
3037
126
127
412
136
139
588
136
163
3326
137
152
2000
138
147
1568
141
162
2366
142
146
474
143
152
2367
152
156
755
153
157
608
157
166
906
158
166
724
