0
20
3232
0
63
8619
1
15
1692
3
12
2019
5
15
2089
6
21
1493
7
13
933
7
17
2464
7
23
2988
7
58
7420
8
9
366
8
51
6898
8
57
6121
8
60
4306
9
14
841
9
20
1836
9
25
3222
10
47
3451
10
55
3382
12
29
1813
13
24
1563
13
24
1914
15
21
1854
15
57
2852
17
28
2868
18
24
1422
18
50
2293
19
24
1617
19
34
3006
22
38
3239
23
38
1280
23
46
4185
24
31
1310
27
38
1706
28
46
2116
30
33
304
31
43
1490
32
37
1049
34
54
4190
35
53
1754
37
41
909
39
54
2211
40
55
1916
41
62
4275
42
59
2423
42
63
3948
44
54
1947
45
51
902
45
60
3203
46
56
2053
47
56
1027
48
59
2204
49
59
1194
51
53
688
51
62
1619
52
53
216
55
64
2173
57
60
653
