0
14
1
13
522
1
17
33
1
20
34
1
24
26
1
26
67
1
26
487
1
31
51
1
49
67
1
62
74
1
73
79
1
92
96
1
141
147
1
148
401
1
150
331
1
162
377
1
172
178
1
183
196
1
185
202
1
193
207
1
196
206
1
208
226
1
212
233
1
218
240
1
241
267
1
253
273
1
254
270
1
260
278
1
263
264
1
307
313
1
310
474
1
312
323
1
316
327
1
329
344
1
332
342
1
342
352
1
353
377
1
365
385
1
371
384
1
377
389
1
404
411
1
417
439
1
435
442
1
435
450
1
447
462
1
448
455
1
459
468
1
459
468
1
465
480
1
478
501
1
500
508
1
513
519
1
513
531
1
531
535
1
