0
12
1112
0
21
3565
0
44
2770
0
64
8949
0
64
7764
1
9
1092
1
16
2316
2
16
2001
2
19
1131
2
37
4528
2
64
9092
3
18
892
6
12
845
6
16
890
8
24
1728
9
10
302
9
15
524
9
18
995
9
30
5517
10
31
4302
12
16
466
12
61
10861
13
30
2590
14
62
3698
15
30
3325
16
33
3294
19
34
1528
20
36
2102
22
27
762
22
29
889
25
32
882
27
33
1067
28
52
2980
29
40
2586
33
43
2728
33
54
4420
33
58
7121
34
44
2161
36
53
1440
38
47
1428
38
58
3814
43
58
3198
44
58
2138
44
63
1468
46
57
1170
46
60
1339
47
53
1913
48
53
1155
49
63
2426
54
63
2425
59
64
1720
61
62
248
