0
6
1518
0
12
1727
1
14
2010
2
24
3352
2
58
4441
3
29
5390
4
62
8319
5
9
390
5
21
2602
8
25
4960
9
14
885
9
15
1046
10
20
1434
11
24
1399
12
14
293
12
36
2077
13
37
4185
14
26
2523
14
34
3734
16
58
7396
17
33
2102
21
36
1132
22
32
1883
22
37
1444
23
27
819
23
40
1794
23
50
1609
26
46
3017
27
40
1999
29
40
3062
29
42
1566
30
43
1415
31
37
748
31
40
1834
32
41
1032
32
44
1324
32
55
3584
34
44
2043
38
60
4456
38
62
3878
39
48
769
39
58
4638
41
49
934
42
56
4329
43
52
2082
45
63
4244
46
62
3587
47
61
3673
48
62
962
50
58
2235
51
53
282
