0
101
23683
1
22
5234
2
18
2574
6
96
8408
7
11
504
9
21
2583
9
30
4033
11
17
748
18
95
12128
19
23
344
21
39
2282
21
43
1571
23
31
1291
23
31
970
24
35
892
24
40
3980
24
40
2238
27
42
2842
28
41
1812
30
35
585
30
68
4261
39
63
1453
40
53
2188
40
96
5660
42
63
2293
42
66
5712
44
51
570
44
59
3562
46
107
7944
50
56
461
55
67
1489
55
79
5968
56
65
997
59
75
1906
59
80
2008
62
84
2044
64
78
3543
68
80
1236
68
81
2683
69
86
3041
69
93
6208
73
82
1092
74
80
637
75
84
1222
76
89
2310
78
92
2057
79
87
880
79
89
754
79
92
2074
80
93
1238
86
91
1308
86
98
1095
89
99
2018
95
108
2847
98
107
1443
