0
156
30647
3
156
31115
6
24
3133
9
142
13604
15
34
4323
15
89
12216
17
19
381
19
151
32284
21
33
1174
27
45
3932
35
52
1989
46
63
1923
48
60
1420
50
60
2013
54
77
1925
55
75
2402
56
59
513
61
65
684
62
80
1818
62
89
4298
64
76
2575
65
68
446
67
83
1377
75
149
9862
79
90
2914
80
89
791
84
108
3364
87
101
2501
98
114
4354
102
147
6900
104
105
202
104
109
1039
107
116
643
110
127
1572
112
121
1729
113
122
1504
113
128
2328
115
130
1322
115
135
4032
117
125
1698
122
129
1558
125
132
1887
127
131
488
127
136
2632
128
144
3605
133
149
2550
151
153
419
