2
5
699
11
25
2546
16
19
376
18
28
1574
28
34
1283
30
49
1923
35
59
2891
40
306
41583
49
63
1554
84
95
1137
96
106
2223
117
133
1731
136
146
1312
142
158
982
149
160
781
153
179
2236
173
187
2262
175
196
4279
176
191
2964
190
207
4233
202
217
4496
203
209
1148
207
229
3155
216
229
2412
227
242
2534
234
240
828
250
276
3894
275
296
3197
283
291
848
283
299
2908
283
307
2541
284
306
3005
286
292
846
288
304
1706
289
299
1028
307
312
681
313
326
1266
348
351
362
363
382
4023
368
377
2462
384
398
3416
387
402
1593
396
401
1142
403
421
4779
