2
10
1354
5
317
56305
19
401
77516
29
34
1024
36
45
1093
37
43
555
44
255
22068
46
68
1980
61
88
6908
99
104
1092
107
121
4204
107
121
1577
110
118
2351
118
129
2219
143
428
40436
145
149
573
149
150
287
149
172
3871
153
268
15979
155
167
2154
165
171
1484
181
192
1624
187
205
2581
196
207
994
209
218
2614
213
233
4637
226
235
698
227
242
2977
228
231
538
238
245
1663
260
267
868
263
412
28746
284
293
1994
290
301
1899
291
306
2258
302
317
1349
307
331
2511
342
360
3723
358
368
1623
385
396
1351
392
396
740
405
424
2574
409
429
4875
411
418
1368
