0
13
2927
0
14
2144
0
60
11035
1
23
3808
1
66
12200
3
12
1577
3
23
1653
4
22
1707
5
7
295
5
26
4222
5
28
2475
6
8
379
6
17
803
6
20
2194
6
24
2804
7
16
1257
7
18
2401
8
12
969
9
22
1663
9
24
2884
10
22
2589
10
28
3849
10
38
3861
13
22
1783
13
23
1233
14
22
965
15
24
2708
16
35
2762
16
39
3644
17
20
503
17
54
5180
19
29
1904
20
30
1497
20
37
2290
22
28
778
22
33
713
23
25
270
25
38
1659
27
42
2128
27
44
2336
28
34
1049
28
39
3268
31
49
3432
32
47
1795
36
40
770
38
54
998
40
50
1586
41
54
1686
42
49
1398
43
55
2301
44
54
1865
44
59
4192
46
55
896
48
56
1291
50
59
2003
51
58
1006
51
66
2640
51
66
3061
53
56
921
53
65
1753
