19
31
2340
26
531
98471
36
43
1939
56
67
2201
72
84
3388
73
92
4125
94
109
3352
95
100
1633
101
114
1744
108
117
1515
111
116
585
114
116
668
120
130
1040
133
155
4024
176
189
1854
187
231
9334
195
201
639
196
214
3860
207
220
1296
237
250
1660
250
265
2216
292
306
1421
297
303
1393
297
312
3400
301
324
2923
316
328
2765
326
332
1211
329
368
4944
332
360
3029
346
355
618
353
363
2255
353
373
5304
367
387
2891
368
376
2114
377
386
2480
383
404
5473
384
400
4490
388
405
4794
392
402
1135
393
412
3712
413
430
1525
417
426
1087
441
455
1424
452
463
1300
455
471
3183
457
467
1156
459
472
1945
462
471
1603
467
482
2715
470
473
546
477
486
1509
495
518
3848
518
529
2468
529
535
1414
548
555
775
553
556
558
555
566
2821
559
572
2052
