1
25
3211
2
11
934
2
57
6140
3
11
876
3
21
4388
3
49
9043
3
58
16607
6
12
1760
7
21
2999
9
18
2103
9
23
1512
9
26
3929
9
56
7031
10
30
2859
11
27
1954
12
36
6692
13
18
476
13
22
1457
13
28
1789
14
29
3250
15
30
3647
16
33
2079
20
53
5875
20
59
4011
22
37
1953
22
43
3939
23
36
1712
23
41
2877
24
26
263
24
26
666
24
36
1167
25
35
1779
26
46
4633
26
49
2746
29
48
1874
30
43
1702
30
47
3615
33
42
1519
34
44
1111
38
51
1053
38
54
2616
38
55
3569
38
55
3349
42
55
2709
42
57
1968
43
48
1426
43
49
695
45
54
1266
