2
75
16020
2
82
9868
3
93
20790
6
10
1077
7
20
1404
10
15
909
12
19
2183
13
28
2548
13
93
6879
14
28
2124
15
32
1512
16
22
1811
21
33
1377
22
33
771
22
44
3012
24
52
2113
26
45
3021
28
32
556
28
38
2456
29
46
2420
32
55
2976
35
59
2742
38
53
3825
39
60
4180
44
62
4582
47
95
5965
48
56
2030
51
65
1387
53
61
1214
54
67
1629
56
65
1164
59
80
2905
63
68
555
67
79
1527
68
90
3294
71
86
1681
72
79
621
73
84
1284
73
86
3277
73
90
3342
73
91
2944
74
81
923
74
85
1132
84
90
876
84
95
2273
85
89
637
85
89
585
88
90
379
