1
42
12126
1
104
10278
2
12
2356
4
7
534
5
22
1635
5
134
18057
6
14
2379
7
13
885
7
137
17542
9
25
1547
9
25
1765
10
29
3692
17
23
1531
21
89
4937
22
39
4705
24
43
4760
26
27
415
30
31
203
31
40
961
31
42
884
31
44
2511
33
42
1032
34
53
2721
36
45
2492
36
49
1288
44
73
4238
48
58
1693
53
69
3644
61
86
7109
64
86
2070
66
73
1582
69
81
3280
70
71
147
71
85
1281
81
95
3316
82
95
2855
82
102
1769
83
98
1667
83
99
1555
84
99
2315
86
101
1513
90
95
482
90
95
1079
93
100
1577
99
121
2923
102
112
3022
106
132
2471
113
126
1553
117
131
1915
118
138
2660
121
146
3537
122
125
462
123
134
1747
124
136
3147
125
126
414
125
139
3032
126
141
1399
129
134
751
137
144
808
139
147
1767
