0
79
8981
4
6
377
4
26
3379
5
32
2654
6
14
1443
6
15
2234
6
19
2570
8
19
1086
8
24
1695
9
18
1560
9
24
1015
13
36
2375
13
70
5880
14
24
1107
15
25
2003
15
26
1237
16
24
2457
16
29
1688
16
34
3451
16
68
9476
17
37
3081
18
37
3007
20
27
1539
20
27
925
20
29
2342
20
34
1123
20
91
13101
21
34
1265
21
39
1504
22
44
4084
25
31
1464
28
37
2349
28
40
2301
28
49
6278
33
43
1116
33
48
2976
35
59
4982
37
48
2127
41
44
545
46
55
1043
49
59
643
50
88
8007
51
53
397
51
61
1545
54
61
815
54
79
4889
57
58
569
57
60
977
57
68
1882
58
80
2785
62
71
1220
62
71
1416
63
79
2249
64
71
1548
64
87
2792
66
82
1485
68
85
1932
69
72
413
70
75
1212
70
89
2087
74
90
2684
80
86
1735
83
85
311
88
90
336
