4
14
1
4
25
1
5
13
1
6
17
1
7
15
1
8
23
1
9
12
1
11
25
1
13
67
1
16
29
1
18
22
1
20
102
1
23
33
1
23
40
1
33
113
1
35
145
1
37
51
1
39
48
1
42
54
1
43
54
1
43
64
1
44
57
1
45
56
1
45
71
1
48
56
1
49
67
1
54
72
1
58
65
1
58
82
1
60
64
1
63
73
1
64
75
1
68
73
1
68
117
1
79
99
1
82
85
1
83
88
1
83
91
1
83
100
1
85
93
1
88
91
1
88
96
1
88
109
1
89
102
1
89
105
1
95
115
1
98
111
1
98
117
1
101
117
1
105
114
1
107
122
1
111
117
1
112
134
1
113
119
1
115
126
1
120
129
1
123
134
1
129
147
1
134
147
1
135
146
1
