0
52
7077
2
9
607
2
16
1447
2
18
2343
2
28
4442
2
29
5562
3
14
1712
3
15
2178
3
18
1281
3
23
5672
4
12
968
4
12
2199
5
21
3903
6
12
655
7
11
338
7
30
2685
8
34
4090
8
35
4929
9
18
1196
9
24
1928
9
34
2113
10
33
1947
12
35
3781
13
34
2173
15
22
878
15
22
1769
15
28
3210
16
42
2757
17
21
359
17
31
2676
17
33
4690
18
26
1891
19
31
1511
19
39
3643
19
39
1544
20
21
575
20
35
3694
22
31
1330
23
35
2342
23
37
1560
25
34
1243
25
35
604
28
49
4193
30
36
1090
30
42
2172
31
43
1840
35
41
1267
35
45
1020
35
50
4252
36
48
1645
38
46
2144
39
48
969
41
48
577
41
53
1413
43
53
2394
