10
34
5467
14
25
1255
20
25
390
21
33
3175
21
33
1146
26
46
4301
26
289
67501
29
39
1252
31
43
2059
33
52
2801
33
55
4571
35
70
4143
45
55
1791
46
62
2586
51
287
26681
52
78
3981
58
74
2759
60
88
5435
73
79
1515
77
89
1815
87
100
1162
92
117
5289
102
125
4504
105
114
781
106
118
1431
106
123
3318
108
125
1627
109
244
18568
110
227
14583
116
132
4189
118
129
1253
118
131
1926
130
144
1420
154
159
1343
155
156
229
160
184
2873
161
174
2389
162
174
1123
166
193
4935
177
195
2885
182
195
1625
183
192
1097
190
200
1407
216
225
1612
216
228
1824
219
232
2708
227
249
5019
232
250
1669
233
256
5767
238
241
396
244
252
1411
251
267
2862
252
255
441
258
268
1798
259
263
551
259
280
4126
260
263
405
269
284
1468
278
291
2635
283
301
2297
286
303
2090
300
305
1084
