0
154
36210
1
17
1636
1
18
1595
3
12
903
3
27
4377
4
18
3408
6
23
2029
7
17
1486
7
66
4572
11
152
19485
18
32
2294
19
29
1020
21
27
1219
25
44
2213
27
37
2564
28
74
5291
31
43
1755
35
44
2437
35
47
2053
36
143
22411
37
55
1194
38
39
420
39
62
2251
40
66
6606
42
83
5774
43
88
4815
44
60
4727
46
62
1308
51
57
441
55
74
2134
57
63
567
57
68
3189
58
74
2145
61
81
3037
64
72
1463
66
80
2032
68
86
2587
71
86
3543
79
95
2347
80
91
1549
82
84
495
91
100
2208
93
103
2879
93
107
772
96
107
1809
97
103
1283
98
107
2069
99
107
570
103
109
1050
103
127
2947
109
134
5905
110
117
1570
113
123
1489
115
124
2044
118
133
2124
119
135
3249
120
138
2754
125
136
2444
130
134
512
130
148
1878
138
152
2911
144
151
592
