0
15
1663
3
8
983
3
19
3563
3
83
12746
3
157
34144
5
129
13755
6
24
2086
11
154
18343
12
30
2738
12
98
18215
14
24
1872
17
141
11095
19
67
2900
26
33
691
26
34
1216
34
44
631
37
46
2456
40
48
2423
48
61
3504
55
76
3733
57
70
1769
58
79
3850
61
70
2109
61
71
936
71
83
2163
73
84
1404
76
93
1789
77
98
4683
78
87
865
78
98
2406
82
92
1316
82
106
4016
83
92
1543
85
99
2112
86
96
1705
86
100
2141
87
99
2970
88
111
4704
93
95
409
93
98
897
93
108
1051
95
134
4046
96
102
1093
96
113
2669
98
107
941
99
121
3812
101
107
1190
101
119
1966
105
125
2361
106
128
5152
109
123
1677
109
128
4104
116
122
1473
118
122
573
120
134
2075
123
138
4079
125
130
1165
125
139
1691
137
142
894
138
154
3797
142
145
601
142
150
1825
146
158
1688
147
155
903
