1
22
1
2
6
1
2
193
1
5
8
1
5
179
1
8
24
1
10
18
1
11
31
1
13
22
1
13
22
1
13
31
1
18
103
1
23
36
1
27
31
1
28
36
1
29
93
1
29
169
1
32
56
1
32
171
1
33
141
1
36
47
1
36
55
1
40
141
1
44
45
1
45
60
1
50
62
1
55
61
1
55
66
1
55
74
1
56
68
1
58
147
1
64
88
1
76
95
1
78
90
1
85
97
1
91
98
1
91
101
1
92
115
1
97
113
1
103
109
1
115
133
1
124
143
1
126
129
1
126
138
1
132
135
1
137
155
1
137
157
1
139
157
1
151
157
1
152
171
1
154
177
1
155
164
1
155
178
1
162
168
1
170
185
1
172
178
1
175
185
1
176
185
1
