11
19
1
31
305
1
32
243
1
44
56
1
61
64
1
74
97
1
86
93
1
94
471
1
117
122
1
127
446
1
137
156
1
141
146
1
159
185
1
164
172
1
166
182
1
186
278
1
194
210
1
200
210
1
203
212
1
204
223
1
211
220
1
221
241
1
227
233
1
248
255
1
251
271
1
258
276
1
268
282
1
270
358
1
314
321
1
320
325
1
335
342
1
336
350
1
343
363
1
344
349
1
350
361
1
354
371
1
389
416
1
394
405
1
404
409
1
405
412
1
412
428
1
428
453
1
429
437
1
433
434
1
436
445
1
444
449
1
451
475
1
459
472
1
460
488
1
499
513
1
500
510
1
504
512
1
