5
91
1
6
19
1
7
22
1
7
28
1
9
17
1
9
20
1
10
27
1
13
22
1
23
34
1
26
37
1
27
42
1
30
50
1
32
47
1
41
50
1
43
44
1
53
78
1
59
77
1
60
76
1
71
152
1
74
84
1
77
86
1
81
88
1
89
164
1
90
99
1
92
104
1
93
105
1
95
107
1
95
109
1
95
111
1
96
119
1
99
107
1
103
111
1
103
116
1
106
120
1
108
114
1
110
117
1
110
121
1
112
130
1
117
129
1
120
128
1
121
143
1
130
137
1
135
154
1
142
154
1
143
155
1
151
161
1
156
170
1
157
160
1
159
166
1
159
178
1
160
172
1
160
181
1
165
189
1
170
183
1
170
186
1
172
181
1
172
188
1
180
192
1
182
186
1
185
200
1
190
199
1
190
203
1
191
196
1
