1
16
2851
4
9
826
4
19
3370
5
11
859
5
21
1561
7
13
577
7
16
1242
7
22
3562
8
100
6712
9
30
2665
9
88
16890
10
35
3635
13
22
799
16
42
2943
19
75
7154
21
31
1070
23
29
1667
24
38
3052
27
32
458
31
41
2333
32
47
2158
32
53
2682
34
54
2166
35
55
2493
38
60
2969
40
56
1477
44
48
861
45
53
1820
46
60
867
49
69
2313
50
71
5342
58
70
2755
58
84
3795
63
72
1971
63
77
1679
63
84
2968
64
83
3863
65
77
953
69
74
919
69
80
1507
72
93
2276
75
81
574
75
85
1649
76
82
735
78
82
704
79
91
2749
79
98
1464
80
88
1753
81
82
276
86
100
1860
88
98
2377
91
96
1168
