0
2
293
0
10
694
0
44
5106
0
48
3647
0
50
12443
2
56
11241
2
58
7722
4
55
8342
5
15
1978
6
16
1911
7
19
1729
8
55
2747
9
24
1829
11
29
3677
13
19
1219
13
29
2671
14
30
1637
14
34
5106
15
49
4505
16
35
2333
16
41
4361
17
26
1237
19
25
382
19
31
2573
20
32
1541
20
41
2913
21
24
680
22
27
368
22
39
2159
24
28
655
24
30
540
24
32
1512
25
42
3150
27
34
1102
27
45
2097
28
37
1965
28
53
1898
29
52
3699
30
41
2170
31
41
2091
32
46
2546
32
52
4145
33
39
832
33
44
2413
33
47
1789
34
44
1890
36
50
1945
37
42
705
37
44
1022
38
41
422
38
45
951
41
47
2081
41
53
2379
41
60
4516
42
55
2227
43
49
630
43
53
1231
45
50
871
50
60
1204
51
59
1149
55
59
484
