1
21
2181
1
50
8337
2
16
964
2
31
5172
2
32
4655
2
34
5165
3
7
509
4
14
1694
5
11
659
6
20
1171
7
17
2008
9
17
1325
10
20
772
10
31
3285
11
13
468
12
19
835
13
16
1152
14
17
867
14
24
896
15
16
303
15
35
1360
16
21
679
16
39
5866
18
26
2271
18
31
2099
18
39
1289
19
40
3305
21
23
316
22
35
1635
22
35
1101
22
42
2909
22
42
4192
23
32
911
24
41
3880
26
37
2069
26
44
2249
28
49
4563
29
48
4191
29
50
4703
29
50
2175
30
38
867
31
45
1026
32
36
1342
33
35
282
34
37
988
34
43
795
34
51
3925
34
51
3760
35
50
1648
36
52
2572
37
41
456
39
51
1263
44
47
307
