0
11
1752
1
8
1688
1
15
1209
2
27
4929
8
171
19045
46
73
6991
55
67
2325
57
224
39477
61
262
32954
62
73
1042
63
83
3170
65
72
1491
67
86
1377
70
87
3896
71
198
17044
76
97
3749
95
103
1542
100
109
1636
103
111
586
103
112
1081
108
113
1300
108
117
1813
109
118
2515
115
126
1865
117
124
1441
119
127
814
122
123
229
122
133
2327
130
139
1088
131
145
2403
133
145
2746
144
167
3360
161
181
3929
162
169
1449
162
179
3000
163
176
1104
164
181
1793
170
174
368
170
180
817
171
182
1431
172
194
3187
173
182
2853
173
186
2996
173
191
3841
174
178
853
178
182
1330
183
199
1477
194
211
2055
199
202
622
204
210
789
211
235
4080
233
244
771
235
236
193
237
253
2281
