0
9
1122
0
66
8250
1
13
2274
2
21
2828
2
36
3390
3
65
8342
5
27
2155
5
27
2625
6
63
13929
7
9
451
10
31
3179
10
36
7385
11
27
2618
12
19
1555
12
41
2496
13
23
1568
14
34
2213
15
30
2599
16
25
863
17
38
5901
17
38
3332
17
44
4131
18
30
3185
18
41
1940
19
30
1042
19
32
1695
19
32
1320
20
23
475
22
31
866
22
41
5841
23
31
1189
26
48
3458
28
35
773
28
44
1763
30
40
1248
31
43
2773
31
50
3639
32
42
1267
33
45
1190
33
53
3269
36
55
1544
37
63
5973
38
45
1516
39
46
1166
44
53
949
45
65
4956
47
51
513
47
63
1958
49
62
3091
49
65
3029
51
62
2343
51
64
2678
56
66
1248
