0
9
1419
0
13
1655
0
14
1499
0
23
3782
1
11
2569
3
11
1354
3
14
1777
4
8
695
4
61
7489
5
16
910
9
13
702
9
23
1477
9
85
7980
11
34
2471
12
18
993
14
18
809
14
40
6186
17
28
1270
17
29
901
20
46
2194
21
40
3599
22
32
1716
22
89
9240
23
29
941
24
30
1140
24
34
2933
25
81
14980
26
42
3825
27
40
1299
29
53
3732
30
40
1242
31
45
1177
32
37
624
32
49
1548
33
39
971
33
54
2355
34
39
561
35
53
5207
38
46
1448
40
88
6206
41
52
1263
42
64
1730
45
61
1897
46
51
788
47
68
1797
48
59
1115
49
59
1542
49
61
2014
50
71
5465
52
60
971
56
63
1311
56
74
3891
60
67
925
64
69
1367
65
71
526
65
79
1664
67
81
1388
67
83
3554
70
81
1604
72
74
415
72
89
2072
73
91
989
75
79
460
76
89
2195
