4
13
2030
6
68
8883
6
75
9450
7
30
2358
7
32
5524
9
32
3331
10
37
5456
12
24
2344
12
25
1247
12
37
3490
13
27
3021
13
40
3467
14
23
853
14
34
2957
17
56
6239
18
28
1169
18
38
1795
20
33
1163
22
34
1738
23
37
1544
23
44
4393
25
32
1263
28
37
1738
29
49
3790
32
42
939
32
46
1483
32
57
5715
32
64
4122
33
71
9365
34
38
1000
38
52
2367
39
53
3572
39
55
1588
39
61
5597
41
53
2891
42
57
2333
43
50
1205
44
55
1218
44
55
1056
44
66
4353
44
68
3112
46
69
3426
47
63
1893
48
67
2308
50
61
1322
53
68
2572
55
75
4001
57
67
1003
57
70
1964
58
70
1929
59
66
1500
60
70
1382
60
73
1358
