3
23
4375
4
526
48463
17
33
1291
19
33
2417
31
52
2368
49
54
734
59
81
2319
66
73
1079
95
108
1492
101
114
1499
102
109
955
107
131
3847
109
128
3191
112
115
571
113
126
3702
119
121
424
125
136
1561
126
147
3889
126
516
28712
127
144
1674
138
151
2271
147
344
33691
156
166
959
161
168
545
169
181
3304
187
206
3107
215
227
1917
229
244
1458
259
284
4551
320
322
392
326
434
15421
335
347
1134
340
353
3292
341
350
1857
355
368
3065
362
389
5789
373
394
3656
380
406
2723
387
395
2434
415
430
2068
415
430
3414
415
434
3012
423
439
4186
441
447
1445
447
462
3253
464
474
1266
474
490
4433
475
487
1309
483
493
900
487
511
4413
489
498
2049
494
513
4394
506
515
1302
