5
9
1
5
148
1
13
136
1
13
312
1
15
21
1
19
44
1
21
35
1
21
259
1
33
40
1
43
318
1
46
65
1
53
70
1
68
138
1
79
94
1
80
94
1
83
95
1
87
94
1
90
109
1
90
136
1
102
111
1
103
111
1
104
122
1
112
114
1
112
126
1
121
129
1
133
142
1
135
144
1
142
157
1
144
150
1
147
161
1
158
171
1
164
172
1
165
180
1
169
180
1
170
175
1
173
180
1
177
197
1
180
192
1
190
201
1
196
209
1
197
212
1
202
210
1
202
318
1
212
236
1
213
222
1
219
225
1
220
224
1
244
259
1
244
261
1
247
252
1
253
257
1
262
273
1
269
287
1
273
293
1
276
290
1
280
303
1
284
294
1
292
301
1
300
319
1
303
317
1
304
307
1
306
315
1
307
319
1
308
312
1
