3
42
5669
4
30
2569
4
129
11125
5
15
1058
8
11
445
8
125
27024
10
71
5367
11
30
2904
16
25
2261
16
33
4755
22
46
5213
23
34
2824
26
32
899
26
53
4081
28
112
12555
31
44
1639
32
42
1470
33
52
1770
34
43
897
38
52
1634
45
61
2111
46
59
2527
48
57
2079
51
76
2045
57
73
2140
59
67
719
64
74
2737
68
83
2982
70
86
1365
70
93
6505
72
77
1350
73
84
1993
74
82
1315
78
92
3317
81
93
1695
83
88
976
84
106
1977
88
111
4717
92
117
3874
95
104
853
95
105
2267
99
113
2669
101
115
1395
103
112
1658
104
112
1927
105
109
1139
106
113
1704
106
119
1584
107
126
1959
110
125
1768
114
126
1900
120
127
1199
