0
8
2053
0
25
2491
1
13
728
1
21
5146
4
20
1151
5
8
378
5
24
2371
5
25
2156
5
28
3588
6
10
314
7
54
3420
8
52
5171
9
18
1812
9
26
1873
9
27
2619
10
25
3675
12
19
1200
12
35
4258
13
20
680
13
29
3125
14
30
1371
14
33
1549
15
27
2435
17
25
1237
17
34
2361
19
28
870
19
36
1890
20
48
6542
21
31
2609
21
32
1420
21
34
2483
22
27
601
22
36
2482
23
42
2981
24
37
3439
24
50
3686
26
39
1311
27
42
2678
27
45
4932
28
36
1170
28
37
1100
28
41
2535
30
45
1325
33
36
761
33
46
3407
34
41
864
35
51
4601
37
54
2351
40
47
1071
41
51
1273
42
52
1321
42
53
2917
44
51
931
46
54
933
48
54
671
