0
27
2367
0
48
8067
0
53
5458
0
58
6018
1
15
1828
1
16
1711
1
22
2188
2
10
1668
2
61
9919
3
17
1755
5
15
2798
6
57
6918
7
15
2080
7
21
1915
9
22
2302
11
31
2272
12
26
1840
12
32
2657
12
48
8025
13
22
771
15
20
1186
15
21
825
15
56
4776
16
28
2380
17
26
1893
17
27
1012
18
22
1154
20
27
1467
20
43
2485
20
59
7423
21
29
1576
21
40
1895
22
37
2879
25
42
1515
28
32
824
28
33
544
28
38
1433
30
36
807
30
55
7055
31
52
1715
31
54
4062
32
40
1801
32
43
1568
32
45
1739
32
50
5080
33
46
1619
34
43
757
34
47
3865
34
51
1086
37
62
2975
38
42
1127
38
46
960
38
57
4640
40
44
1276
40
51
1502
41
45
1256
42
50
2074
44
45
437
45
62
1730
46
56
3033
48
55
1571
50
55
567
52
58
1302
