0
199
1
2
12
1
4
13
1
5
16
1
12
17
1
16
25
1
18
44
1
19
43
1
20
28
1
23
47
1
25
74
1
27
89
1
32
43
1
35
41
1
39
49
1
39
51
1
40
46
1
40
57
1
41
57
1
43
60
1
56
146
1
57
75
1
60
75
1
65
78
1
66
78
1
68
88
1
68
156
1
70
71
1
75
84
1
77
80
1
78
88
1
81
82
1
92
112
1
93
107
1
94
117
1
102
108
1
103
119
1
103
178
1
104
124
1
111
122
1
115
126
1
115
139
1
116
125
1
120
124
1
121
136
1
125
134
1
126
137
1
126
141
1
134
150
1
137
145
1
138
155
1
144
156
1
151
159
1
165
174
1
167
187
1
169
170
1
179
183
1
181
190
1
184
195
1
187
195
1
