0
119
8472
0
142
13089
2
25
2264
2
27
5803
4
5
313
5
101
22991
15
30
1370
15
37
2402
18
21
457
21
24
1042
21
28
1220
22
153
15538
24
48
5922
31
46
3307
38
61
2258
39
50
2286
40
47
1234
40
49
990
42
67
1408
43
62
1649
48
59
1632
53
56
472
53
64
1664
54
70
1216
56
66
955
56
71
3425
57
72
2015
57
81
1759
58
75
3116
60
72
1015
61
73
2020
64
77
1582
68
90
4505
71
77
1014
73
88
2874
75
95
3501
78
88
881
82
95
3067
83
93
836
88
101
1331
90
100
2062
92
102
890
94
99
863
96
107
2439
104
114
1193
106
113
991
108
127
2561
110
116
1065
111
118
1215
115
123
2397
115
129
1817
118
131
1055
119
125
1769
119
133
2713
123
127
425
123
128
1349
123
146
1613
129
148
1629
133
155
2553
135
141
832
137
150
1885
140
144
297
142
153
1339
