0
4
727
0
40
5247
3
10
2026
3
13
1970
4
14
1007
6
107
10117
9
16
961
9
87
15414
11
33
4232
12
22
1796
16
23
1655
20
34
1049
23
29
725
28
37
1395
33
41
1573
34
43
1352
36
54
4808
37
101
9432
40
46
949
40
47
944
41
61
3459
42
47
1592
47
61
2261
47
63
1487
48
59
1000
48
72
3132
48
81
6286
50
53
272
54
68
1127
55
70
1616
59
67
732
62
72
1818
67
71
951
71
93
1585
74
84
1209
74
88
1537
74
90
1607
75
77
282
78
93
1815
79
95
3417
79
105
3423
81
88
1620
83
91
1311
83
104
3270
87
94
863
88
98
2248
89
97
1324
89
104
3044
90
103
1999
93
99
1490
94
110
2314
95
99
505
96
102
1844
99
102
464
101
102
304
101
111
1339
101
113
2699
102
109
1757
