0
20
3329
4
17
1463
11
17
1565
15
25
1486
23
26
464
27
30
764
30
38
1389
30
41
959
30
46
2255
32
38
570
33
43
1665
40
46
1195
41
182
22839
50
61
2671
51
61
2151
51
63
1792
53
69
2059
58
72
2972
63
86
6716
64
68
984
64
86
3391
65
82
1425
65
147
15919
69
87
5476
70
89
2338
75
79
899
75
95
2629
76
90
1738
81
97
2971
98
105
764
100
106
1022
101
123
2584
104
123
3463
108
123
3102
108
156
12771
109
130
2152
111
115
1089
117
178
8133
119
138
3951
120
122
733
120
145
7580
124
134
1008
125
145
3010
126
147
4006
136
145
992
136
157
3087
137
153
1543
138
157
2321
139
159
3532
140
151
2517
147
150
995
147
166
2531
155
178
2448
158
170
1840
166
186
3623
169
186
2776
