1
94
7118
2
52
11895
6
49
9199
7
20
1094
8
20
1302
9
29
4593
9
49
7193
14
20
530
14
25
2175
14
30
4309
15
24
1292
20
32
2750
20
91
13702
23
37
1309
24
32
1703
25
67
8623
28
41
1900
29
39
2029
30
40
1579
30
53
4796
34
39
1310
34
51
3221
35
43
1382
37
65
4568
38
63
2241
41
48
654
45
66
6038
48
53
716
49
53
593
50
66
3014
51
58
1546
53
70
2400
54
64
1663
54
65
1288
54
71
2469
55
57
657
56
72
2259
61
71
1951
62
70
1319
62
89
6803
71
78
883
72
74
432
73
82
1333
74
81
1525
77
92
2235
79
83
473
81
86
1005
82
87
1013
88
97
1093
92
101
976
98
101
577
