0
15
3343
1
75
11573
2
16
2711
6
20
1298
6
23
2330
7
23
1432
8
19
1411
9
27
2323
9
75
9463
10
22
2314
12
23
1602
12
29
3014
12
55
6990
13
15
309
13
21
1733
13
38
6926
14
20
1010
14
35
2639
15
26
1943
15
30
3906
15
32
3409
17
24
1428
17
27
922
17
71
8006
20
32
2816
20
42
3504
21
31
1546
22
24
286
22
32
721
22
33
2174
22
35
2329
26
42
1733
26
43
2485
27
42
2209
32
45
1935
32
47
2023
33
39
1047
34
47
2418
34
50
2980
34
55
3794
35
58
2736
36
46
1195
36
50
1646
38
40
669
38
51
2254
38
60
2491
39
64
2853
41
47
1298
42
53
1276
43
65
5445
44
69
4448
47
61
1655
49
51
360
50
69
3768
56
61
770
57
67
783
58
65
789
59
66
2253
63
76
1716
65
72
1298
74
76
640
