5
189
33227
6
15
2660
25
34
1267
27
48
4818
40
50
1742
48
428
89469
73
92
3295
76
316
46524
81
90
814
82
100
3144
98
106
1615
105
122
5182
106
110
1365
117
129
1307
119
125
1701
119
140
6212
129
138
1751
130
142
2815
131
148
2922
142
161
2530
148
158
853
148
162
3083
153
523
89453
159
162
759
164
180
3503
180
193
1611
180
194
3175
186
200
3593
198
209
1502
199
205
890
208
214
612
211
213
759
214
563
78753
222
228
1874
242
253
1601
262
271
1289
297
309
1877
299
301
390
300
308
1545
314
329
2061
321
330
1181
326
343
3241
329
341
1519
343
345
476
351
373
1904
381
394
2433
412
426
933
424
439
2523
440
456
4586
462
475
1433
466
481
2262
484
498
3075
522
540
3578
525
533
1245
529
549
1589
531
544
2126
544
556
1521
561
565
906
