1
11
1179
1
11
1607
2
20
4508
4
13
1197
6
60
10649
7
32
2190
8
16
1016
8
19
3132
8
23
2085
9
36
3511
11
21
1348
11
26
1945
11
34
3028
11
52
8042
12
21
1811
13
20
714
13
24
2792
13
26
1045
14
20
812
14
50
3774
16
26
897
16
30
2850
18
33
2230
19
28
1905
20
36
3827
20
37
3091
20
45
4260
22
56
5903
24
38
2176
24
46
3137
25
33
895
25
49
2602
26
32
1102
26
40
3553
26
48
2090
27
28
272
27
47
2606
27
55
3795
28
35
1013
31
38
1591
31
53
4957
32
46
1473
32
61
4778
35
56
2739
37
58
4208
39
48
622
40
45
1297
40
52
1899
43
56
2421
46
47
303
46
52
1334
47
53
1101
47
57
2198
49
55
601
53
60
1741
