0
91
10479
0
93
5622
1
18
2561
8
69
12901
9
26
3238
10
19
1879
13
27
2515
13
30
2236
14
30
1928
14
40
3943
22
35
3057
22
50
3540
26
51
3440
27
30
539
27
88
7773
28
35
818
29
33
502
29
35
1915
31
41
1757
32
47
1299
33
41
1072
35
45
2000
38
62
2654
41
42
178
41
52
3151
42
48
587
42
51
817
46
53
1486
46
66
3163
48
54
951
49
56
881
50
73
5546
51
65
3943
51
65
2447
52
56
436
52
59
1251
53
56
694
55
62
902
56
61
890
59
78
1635
59
79
3135
61
62
116
61
77
1259
62
72
1264
63
75
1951
66
82
1243
68
72
331
71
83
1311
72
91
5380
73
89
4707
74
76
751
75
86
1383
75
89
1918
81
91
2360
82
93
1464
83
93
2181
