0
110
20713
0
111
19809
1
21
1868
3
7
633
3
16
2908
8
13
1623
8
19
3390
9
21
2070
12
84
5283
14
25
1194
20
42
1923
24
107
14648
28
52
3372
30
35
1495
32
38
1226
34
41
1190
37
55
2480
37
72
7305
38
56
4468
41
49
576
41
51
1033
44
53
1196
44
66
2485
46
61
3309
49
59
1945
52
56
604
54
71
2045
59
63
1036
61
71
1688
68
69
184
72
81
2379
79
89
2448
80
108
5162
83
93
1080
83
98
2861
86
97
2250
89
108
2948
90
96
1230
90
107
3905
92
98
1429
95
97
279
99
117
3034
102
116
4364
104
114
1183
109
117
1612
111
117
1279
113
117
1157
