4
17
1734
4
103
7639
8
11
852
8
18
1450
9
23
1843
10
22
2980
15
21
1761
18
125
19957
23
41
1339
45
58
1881
45
87
5089
51
58
1018
54
77
4529
55
63
1797
55
65
927
56
68
1554
57
65
1670
58
80
4043
62
66
1099
65
68
391
77
78
169
77
104
3191
78
98
1784
79
89
1124
79
89
1056
79
93
1631
81
93
1466
84
99
3114
84
110
3024
86
93
1097
90
99
2373
99
106
847
101
111
1582
104
126
4146
106
125
4794
108
127
1608
109
123
3470
114
136
2758
120
143
3483
122
133
1569
124
133
986
125
138
3581
134
141
961
134
143
866
135
150
1618
136
146
1144
149
156
1200
