13
23
1397
14
25
3474
63
311
37641
73
536
85875
83
96
2535
127
139
1120
134
146
2520
140
165
4713
159
167
874
159
431
30851
167
188
1960
168
176
1220
169
177
690
172
472
50811
174
180
1579
176
185
1919
186
199
1092
194
218
2080
210
227
1949
223
233
1351
223
239
2826
237
255
3029
244
256
2267
252
253
390
253
268
1501
254
393
15916
268
288
1974
275
287
1728
279
298
3512
294
299
1242
296
304
1760
299
304
1441
309
315
1586
334
343
2458
346
352
1795
350
357
938
355
364
1515
369
384
2201
377
399
5250
385
399
2214
401
406
1179
405
417
1515
406
419
3150
407
413
1100
418
425
719
420
438
2724
469
487
4480
487
494
1235
495
506
901
517
530
2628
518
525
1106
522
530
2048
522
531
1100
531
545
1005
536
539
583
