2
208
1
7
23
1
8
19
1
10
19
1
14
16
1
14
19
1
14
23
1
16
18
1
17
23
1
18
37
1
26
39
1
29
40
1
34
47
1
37
41
1
39
45
1
40
50
1
41
59
1
44
59
1
46
63
1
48
209
1
48
212
1
50
62
1
51
57
1
53
88
1
54
67
1
54
201
1
58
71
1
67
74
1
70
74
1
71
79
1
75
205
1
76
91
1
78
84
1
80
88
1
83
92
1
88
91
1
90
105
1
92
132
1
93
109
1
95
112
1
97
116
1
108
122
1
110
119
1
112
125
1
125
146
1
126
131
1
126
137
1
128
149
1
134
138
1
139
159
1
143
146
1
143
148
1
147
159
1
149
150
1
149
164
1
149
167
1
154
157
1
168
177
1
183
204
1
184
196
1
196
210
1
199
207
1
200
205
1
205
208
1
