2
25
5783
3
107
16831
4
9
731
4
15
1343
4
21
2618
5
18
2902
6
16
1628
9
14
991
9
35
2088
10
28
2110
15
33
3103
16
22
817
16
68
4461
19
28
1291
20
39
4446
23
34
1624
25
35
1729
28
42
3757
29
40
2037
31
43
2029
32
41
1830
32
113
14014
38
52
1249
40
59
4089
56
74
4558
60
73
2772
63
74
2852
66
75
2343
69
79
1222
70
87
3711
72
85
1873
72
95
5346
78
83
1580
80
84
1028
80
90
2720
82
89
1948
84
97
3584
89
107
3023
92
103
1874
94
101
703
94
105
2284
96
99
569
96
104
1467
101
105
451
101
105
451
104
108
559
105
111
738
106
126
5472
106
127
1743
109
114
763
114
120
1643
