13
153
23117
14
19
1062
16
34
1690
18
32
827
22
40
3384
30
50
3715
30
56
3128
33
43
2259
41
56
2406
43
49
1499
46
56
914
46
63
5093
48
73
2517
48
254
37862
60
84
3791
68
109
7626
72
94
2090
72
199
15421
74
83
866
75
84
1203
82
93
1324
87
94
1746
90
95
1353
90
97
960
108
122
2419
110
116
1164
112
115
423
114
118
1134
116
122
1780
118
123
1069
126
134
1340
127
135
2146
130
144
1580
134
147
3465
146
162
4063
155
165
1527
166
171
876
166
181
3520
169
196
5174
176
179
596
185
186
398
198
206
751
202
207
995
210
212
623
220
230
2134
226
241
2045
239
243
1319
239
254
1600
241
250
1403
241
253
1766
243
247
1193
