1
21
1
5
13
1
9
44
1
12
20
1
15
26
1
15
32
1
24
33
1
26
29
1
26
47
1
28
164
1
35
50
1
38
65
1
52
66
1
59
63
1
61
80
1
64
72
1
65
72
1
65
89
1
66
73
1
68
80
1
71
79
1
72
90
1
75
82
1
75
92
1
81
88
1
81
91
1
82
89
1
82
104
1
87
98
1
87
112
1
89
112
1
90
112
1
90
157
1
92
107
1
105
114
1
108
136
1
110
117
1
113
135
1
114
119
1
121
129
1
122
133
1
129
135
1
132
140
1
133
135
1
137
150
1
138
145
1
138
152
1
140
150
1
144
160
1
145
149
1
147
164
1
149
168
1
159
167
1
160
164
1
165
180
1
166
185
1
169
187
1
170
181
1
184
193
1
