11
38
2225
12
20
2121
16
22
930
25
199
36994
31
45
3596
37
154
6479
47
75
4380
57
61
1219
60
63
553
63
75
2555
66
76
1159
76
95
1233
76
96
3265
78
86
1976
84
92
2090
87
97
1103
89
98
2905
98
104
679
103
119
2189
108
121
3109
108
121
2934
109
127
2510
118
119
159
122
139
4183
123
128
358
128
140
1995
153
166
1253
172
196
1363
175
196
4446
176
188
2050
182
196
1210
183
193
1419
184
194
1301
191
199
1817
192
210
3082
194
222
5289
197
208
1268
201
206
598
202
203
214
206
218
3620
209
232
2410
210
223
2605
220
232
2803
221
239
3296
223
236
1928
225
231
536
225
234
2035
227
234
621
229
234
978
229
239
2647
235
245
2365
235
250
1117
244
258
1332
256
270
3579
258
283
3640
260
269
2255
266
275
577
269
273
510
