1
21
3242
5
13
762
9
44
4744
12
20
579
15
26
921
15
32
1810
24
33
1404
26
29
645
26
47
3786
28
164
10400
35
50
1882
38
65
4417
52
66
1502
59
63
636
61
80
2547
64
72
718
65
72
876
65
89
5263
66
73
1700
68
80
1678
71
79
1284
72
90
3640
75
82
998
75
92
2947
81
88
942
81
91
1167
82
89
1312
82
104
2845
87
98
1551
87
112
3827
89
112
3490
90
112
5121
90
157
10050
92
107
3127
105
114
2601
108
136
4143
110
117
1548
113
135
2054
114
119
752
121
129
972
122
133
2429
129
135
952
132
140
894
133
135
405
137
150
2162
138
145
751
138
152
1407
140
150
1797
144
160
2799
145
149
626
147
164
2021
149
168
1468
159
167
1629
160
164
366
165
180
1584
166
185
1608
169
187
3752
170
181
1918
184
193
935
