0
9
2052
0
54
7554
1
54
7813
2
18
2213
3
15
2638
4
10
1227
7
24
2478
7
26
4328
8
22
1685
8
56
11492
10
30
3097
11
32
4073
12
20
581
14
24
1964
15
46
7748
16
26
1655
16
32
2292
16
32
2190
17
51
7955
20
44
4496
21
30
1631
22
31
1383
23
37
1768
23
43
1653
24
33
1759
25
31
1458
26
36
929
27
36
1561
28
40
3059
29
38
1370
30
45
1516
30
49
1144
31
46
1232
31
51
2335
33
47
2127
33
55
4990
35
41
1504
35
53
4990
36
51
3775
37
58
4968
38
45
544
38
52
919
39
58
3011
40
52
2042
40
53
2142
42
46
821
44
56
1364
