3
20
1
5
19
1
7
30
1
8
32
1
12
24
1
13
127
1
14
34
1
23
31
1
23
34
1
24
45
1
26
51
1
26
82
1
28
38
1
32
43
1
36
48
1
38
56
1
39
56
1
39
130
1
40
80
1
41
54
1
42
49
1
43
52
1
44
63
1
47
50
1
50
66
1
52
68
1
53
66
1
57
119
1
60
66
1
61
65
1
65
75
1
67
85
1
68
70
1
71
151
1
73
90
1
73
94
1
74
82
1
88
96
1
88
101
1
88
101
1
91
105
1
93
101
1
96
112
1
97
116
1
97
120
1
100
107
1
100
117
1
102
103
1
107
120
1
108
117
1
109
124
1
111
112
1
112
125
1
112
136
1
120
127
1
122
131
1
123
141
1
131
135
1
132
137
1
135
144
1
136
151
1
138
151
1
141
148
1
