2
18
1
10
31
1
40
122
1
41
50
1
41
491
1
49
55
1
61
571
1
63
73
1
73
408
1
81
90
1
83
87
1
103
120
1
105
129
1
107
113
1
110
129
1
111
126
1
133
148
1
134
155
1
146
425
1
156
409
1
183
199
1
188
191
1
194
217
1
195
201
1
196
204
1
200
211
1
210
221
1
210
227
1
223
234
1
233
244
1
235
244
1
243
249
1
254
270
1
257
444
1
263
532
1
266
274
1
283
284
1
302
313
1
303
313
1
303
314
1
307
314
1
332
345
1
335
354
1
407
421
1
410
434
1
418
426
1
428
444
1
433
445
1
462
470
1
473
480
1
485
495
1
498
509
1
517
531
1
527
543
1
540
561
1
546
560
1
556
569
1
566
571
1
