0
17
2292
2
25
3686
2
93
12513
5
18
2404
7
9
600
8
96
19581
15
24
2830
16
26
1333
16
31
3232
17
31
1785
17
32
2687
18
26
1489
20
30
1579
22
38
2762
23
41
3807
23
49
2346
24
49
4256
25
43
2542
30
35
1049
31
52
2154
33
56
3459
34
42
1808
36
56
3460
37
55
3594
40
62
4077
41
62
3560
46
62
1865
47
62
1061
49
55
1872
51
73
3603
53
67
1386
53
67
1304
53
73
2074
57
68
1820
58
70
2016
58
78
4371
59
68
2205
65
66
224
72
81
2162
73
82
1869
73
82
1218
75
78
481
75
84
2592
78
83
1011
80
104
3394
82
96
1256
82
105
4272
84
95
3298
85
91
740
85
98
2144
87
101
2135
91
93
611
92
101
1196
92
104
2301
