1
20
1639
6
27
4811
8
15
1832
16
19
378
18
37
4924
28
257
19452
33
39
810
39
48
2158
42
259
25365
44
63
2102
47
55
2290
48
51
605
50
65
1099
68
87
2305
81
97
2110
82
85
601
83
86
561
86
101
2361
98
106
976
99
119
1845
100
110
2245
100
122
4212
104
118
1461
105
116
1204
112
118
1004
115
126
1774
116
129
3500
118
137
3716
123
136
2208
124
131
1638
136
141
987
136
156
1814
146
157
1451
147
154
1509
147
156
1187
156
175
2778
166
174
2106
168
176
1539
177
182
601
179
184
896
183
192
1139
185
207
4772
186
205
3492
192
206
1433
198
209
1541
199
205
1167
200
210
1934
203
208
1153
211
220
1025
218
232
2718
225
231
626
226
241
3613
229
241
1515
230
235
985
246
264
4779
275
277
449
