0
61
6682
1
4
454
3
15
2412
3
76
11570
4
25
2930
5
11
832
6
88
7845
7
14
2103
7
26
2014
8
11
390
8
16
1366
8
28
1893
9
23
2661
11
14
1046
11
16
718
12
16
1009
13
14
253
14
32
2576
15
30
3306
19
25
1033
24
40
3151
25
36
1124
26
33
2137
26
34
785
26
36
1728
26
82
13396
28
45
2607
31
38
1698
33
36
452
33
47
1620
37
45
1324
38
75
7194
39
45
358
39
47
2190
41
60
1776
41
61
3074
43
52
2565
44
49
954
46
58
1210
47
54
1072
47
56
808
49
57
1317
50
72
4928
51
61
2294
51
67
3079
52
64
1034
55
64
1929
55
66
1404
58
68
1502
58
69
1438
58
74
1573
59
65
815
61
80
2308
63
88
2958
64
70
731
65
69
1070
65
79
1554
67
86
5340
70
81
1476
72
76
404
76
83
734
77
83
715
