0
60
6297
0
83
16231
0
84
6939
1
24
3865
2
16
2911
3
81
13728
4
11
1473
4
12
2138
5
37
5185
9
25
3082
9
25
1525
10
11
399
10
33
3405
11
17
1042
12
22
2564
12
24
2236
14
27
2528
18
23
589
18
31
2280
20
84
9437
21
29
1186
26
38
2564
26
39
2452
26
44
1423
29
45
2288
30
45
2944
32
58
4154
33
46
1255
34
40
817
35
59
3222
39
47
1395
40
45
689
40
45
705
41
47
424
41
54
1497
42
48
1184
42
61
2056
49
64
1656
50
57
1295
50
60
2548
51
62
1788
54
70
3865
59
73
1967
60
80
3176
62
80
3999
65
71
1381
65
80
1503
65
86
2748
69
70
178
69
80
1055
70
83
2781
77
85
2238
