0
18
2261
11
489
64604
15
38
1837
16
29
1414
27
40
2697
29
49
3590
37
41
678
45
62
5065
49
66
1820
74
94
2596
90
93
702
95
104
1461
101
116
3489
109
152
7730
116
137
3352
124
526
85245
125
139
4025
134
147
1967
143
164
2593
146
161
1965
175
186
2025
180
193
2667
194
201
740
218
589
35522
221
249
4891
230
243
2462
235
261
4136
245
262
1840
249
251
394
261
313
4662
266
283
1210
273
288
1037
274
285
1688
297
303
961
301
307
1045
306
311
358
318
326
1571
321
325
1119
337
361
4274
338
348
1751
363
372
1339
371
385
1343
386
390
531
402
411
1075
430
443
1793
436
445
1764
447
465
2708
460
468
987
465
483
2093
466
487
2328
470
477
1275
484
494
826
486
497
2119
496
537
2298
518
531
2638
520
527
1400
541
553
3535
549
572
5973
550
568
1429
552
575
3316
554
582
4668
578
581
926
593
604
1383
607
612
619
