5
189
1
6
15
1
25
34
1
27
48
1
40
50
1
48
428
1
73
92
1
76
316
1
81
90
1
82
100
1
98
106
1
105
122
1
106
110
1
117
129
1
119
125
1
119
140
1
129
138
1
130
142
1
131
148
1
142
161
1
148
158
1
148
162
1
153
523
1
159
162
1
164
180
1
180
193
1
180
194
1
186
200
1
198
209
1
199
205
1
208
214
1
211
213
1
214
563
1
222
228
1
242
253
1
262
271
1
297
309
1
299
301
1
300
308
1
314
329
1
321
330
1
326
343
1
329
341
1
343
345
1
351
373
1
381
394
1
412
426
1
424
439
1
440
456
1
462
475
1
466
481
1
484
498
1
522
540
1
525
533
1
529
549
1
531
544
1
544
556
1
561
565
1
