0
16
1
7
77
1
9
26
1
13
21
1
13
25
1
15
20
1
17
33
1
18
42
1
18
61
1
23
35
1
23
56
1
25
155
1
33
58
1
34
49
1
35
62
1
41
61
1
42
62
1
46
61
1
47
55
1
48
55
1
50
56
1
52
66
1
56
65
1
56
69
1
58
74
1
59
69
1
63
79
1
64
79
1
65
78
1
66
91
1
67
84
1
73
75
1
75
85
1
75
88
1
77
79
1
81
98
1
89
98
1
92
106
1
93
110
1
95
105
1
98
124
1
99
112
1
101
108
1
101
114
1
106
117
1
106
124
1
108
114
1
112
122
1
113
132
1
116
122
1
119
146
1
121
126
1
122
135
1
125
145
1
126
132
1
129
140
1
129
144
1
132
139
1
133
137
1
134
152
1
134
155
1
135
148
1
137
147
1
