0
19
4419
0
19
3204
0
72
21171
1
71
11065
2
19
2382
2
34
3644
2
67
12857
3
9
1910
3
17
1026
4
18
2400
5
21
2607
6
16
2146
6
24
2161
6
25
1820
8
20
1281
8
72
7976
9
19
1594
9
30
2305
10
23
1511
11
29
4217
12
29
3785
15
33
3138
16
49
5313
19
37
5290
21
38
2406
22
29
749
22
66
4042
25
26
232
27
39
3212
27
42
912
30
65
3958
33
41
1582
33
47
2906
35
41
833
35
47
899
35
51
2353
37
42
1186
38
51
2525
39
60
4644
42
47
912
42
72
4483
43
51
2071
45
58
1819
48
55
636
48
56
1639
50
55
1324
52
67
2498
52
71
2058
53
57
659
53
63
1255
54
66
1585
54
71
3110
55
67
3106
59
68
654
59
69
2010
60
66
1545
60
72
2600
63
67
1021
69
73
301
