0
22
1
6
28
1
7
23
1
8
24
1
14
23
1
17
27
1
21
29
1
22
44
1
22
51
1
23
37
1
26
119
1
27
44
1
27
48
1
32
41
1
33
187
1
37
49
1
41
54
1
47
62
1
53
62
1
55
136
1
57
65
1
57
67
1
59
86
1
60
181
1
61
79
1
62
86
1
67
76
1
68
73
1
68
76
1
76
92
1
77
83
1
78
96
1
79
92
1
84
102
1
86
99
1
87
98
1
94
112
1
100
113
1
114
117
1
116
141
1
126
139
1
127
149
1
128
136
1
132
156
1
135
155
1
137
156
1
139
160
1
140
151
1
140
161
1
143
147
1
146
160
1
147
156
1
149
162
1
152
162
1
157
177
1
158
161
1
178
179
1
187
206
1
188
197
1
192
200
1
199
204
1
204
205
1
