0
9
1757
0
11
1764
0
72
17090
1
20
2155
1
20
2152
2
12
1546
2
12
2116
2
19
1782
2
20
3055
6
17
2266
6
34
2834
6
59
11765
7
13
876
8
29
3433
10
19
1377
11
63
10333
14
30
1191
16
26
1368
16
37
5390
16
53
3747
17
21
522
17
44
5183
17
57
7741
20
38
3462
23
43
2292
24
26
677
24
30
942
24
42
4165
25
33
1343
26
44
3002
27
36
1187
28
43
1854
30
54
3413
31
35
642
32
45
2899
34
40
822
35
44
1362
36
39
1033
38
54
1150
40
53
1315
40
54
2639
43
57
2355
47
54
590
49
57
2292
51
59
1681
54
66
1688
55
72
1802
56
69
1468
60
67
1438
61
62
391
67
69
490
