0
7
572
0
11
986
2
59
8052
3
15
1717
3
25
3667
3
58
12433
4
10
1321
5
25
3869
5
47
7220
6
8
181
8
62
7913
9
19
1830
10
19
2226
10
24
2558
12
17
642
14
19
731
15
21
899
15
29
2178
17
22
1089
17
30
3756
21
28
1540
23
47
5073
28
39
2148
29
44
3151
30
39
968
31
36
658
31
38
924
32
45
1492
32
49
3136
33
50
2494
34
38
1134
34
46
975
34
50
3827
35
43
2136
35
50
3352
35
50
1911
35
58
4359
36
47
2617
37
40
443
37
43
1850
38
43
1472
38
53
2871
38
53
3133
38
58
2926
38
59
3061
40
49
1217
40
59
1690
41
50
1112
45
51
1726
45
52
843
45
58
2328
46
60
2630
46
62
1605
49
59
2014
50
52
814
52
61
1420
54
63
1103
59
64
585
