7
17
1088
8
23
1830
15
39
3713
20
35
1061
34
50
1742
47
62
3599
80
244
17166
82
97
2076
100
357
30832
120
141
3210
126
150
1317
130
146
3185
138
150
1329
148
165
1204
171
190
2043
174
194
2906
192
203
2562
193
441
44091
200
209
1339
205
210
1159
215
497
56680
234
238
987
239
257
1976
242
253
2814
249
259
1307
275
298
2247
287
425
33450
296
320
2143
299
306
889
304
319
2884
307
326
3247
317
333
1743
323
330
1157
336
341
877
365
372
1851
365
381
2498
373
381
1623
374
392
1954
394
406
2064
396
418
3533
397
408
2101
405
411
1183
406
414
1399
407
431
3354
409
432
3033
433
436
497
444
465
2813
466
494
2768
471
477
1192
472
495
2267
