0
20
4571
2
14
1580
5
166
14427
7
19
1901
7
20
1344
8
12
1039
10
191
22870
13
22
1530
15
30
2580
18
28
1437
19
35
1895
22
28
1386
24
191
37554
25
193
22619
26
38
2136
30
41
1336
30
110
8589
32
43
3205
32
47
2336
36
58
4008
37
115
7237
51
70
4533
55
70
1413
56
67
2433
57
61
468
61
76
1532
62
65
730
63
80
1977
65
171
10701
66
71
524
67
82
2244
72
99
3541
77
95
3590
81
94
1338
81
96
1185
89
105
2318
95
109
1142
95
116
3172
111
132
3899
118
124
857
120
166
7287
123
131
536
124
136
2036
125
130
559
131
134
810
132
177
7412
135
141
741
135
141
906
138
156
2258
139
158
2675
140
148
1094
152
162
1427
156
164
2207
173
175
503
173
193
2097
174
182
863
174
184
1102
181
184
301
185
190
1144
187
207
3232
195
207
3502
196
206
733
198
207
2188
