1
8
835
1
36
4098
1
85
6934
2
9
1238
2
13
1386
2
16
3216
4
10
1309
5
28
4013
6
74
15484
7
27
3244
7
29
2277
8
12
613
9
15
638
9
74
7580
9
82
8234
10
23
2162
10
29
2256
11
23
1350
12
35
2054
13
27
1029
15
38
1455
16
82
8915
17
24
864
17
29
1548
17
35
1938
18
35
2061
18
85
7192
19
31
1101
20
44
5896
21
31
1091
23
46
2405
25
53
2264
26
43
2465
27
42
1573
30
33
605
31
51
4517
31
55
6230
32
39
1348
33
39
1523
33
56
3542
36
61
2978
39
47
1240
41
50
892
43
52
1505
44
59
1574
47
58
913
50
61
1302
53
59
1224
55
62
2007
55
66
1646
55
68
2482
69
90
1991
71
86
4105
72
76
656
72
77
1049
