0
22
3674
0
63
9897
1
8
1256
1
53
5444
2
56
10271
3
12
2541
3
18
1670
3
29
1827
4
17
3984
6
14
2619
6
27
4432
7
15
702
8
26
3640
10
47
5711
11
13
491
11
28
1614
11
32
1883
13
27
1242
14
23
840
14
27
1484
15
18
795
15
22
1103
15
39
4963
16
21
589
16
28
1638
20
27
2228
20
38
1339
21
31
1752
22
29
1480
23
34
1306
23
34
1913
24
40
4404
26
42
1440
27
29
337
27
31
449
28
45
2196
28
56
6461
29
36
1932
29
48
3488
29
51
1984
29
61
7568
30
43
1047
31
41
1201
31
48
3201
31
48
1762
32
39
1245
32
53
3448
33
51
3116
35
46
1120
36
49
1385
37
52
1653
38
54
3652
38
55
3575
39
63
1552
40
52
1535
40
54
2408
40
60
2721
42
49
1354
43
51
2109
46
57
2123
48
60
3248
48
60
2498
52
62
2497
58
60
416
