0
10
1749
0
20
2451
1
66
12109
2
13
2401
3
15
1267
3
18
3595
4
8
1152
7
25
2413
7
32
1859
7
58
7351
8
27
1822
9
12
407
9
32
2577
9
33
6583
10
22
2692
11
23
2022
12
19
1146
14
31
2719
14
59
4406
15
40
5292
16
24
1291
17
31
2263
18
35
1123
20
48
7201
21
33
1015
21
46
5132
23
34
2584
23
36
1701
24
30
1526
24
39
2586
24
48
2777
25
38
2812
26
41
1863
27
33
1064
28
40
1772
28
51
3008
29
40
2477
29
42
1363
31
39
1332
31
50
2015
32
37
506
34
43
1261
35
41
521
35
51
2926
36
43
526
37
54
3835
40
48
1505
40
54
4091
40
57
4748
41
46
1046
42
62
2054
42
63
2439
43
46
660
43
63
2929
44
50
1879
44
52
1474
45
60
4392
48
60
2016
56
63
2076
56
66
1899
