1
62
6871
2
3
266
3
25
2024
4
22
3100
6
27
3164
7
13
1079
8
21
1440
8
31
2993
10
33
2323
11
14
765
13
24
2839
14
55
10287
15
18
956
15
23
1483
16
26
1771
16
32
1242
17
27
1268
17
55
8163
19
31
3483
19
31
1702
19
34
1027
20
42
2996
22
31
1063
23
48
6951
24
33
1423
24
36
1136
24
37
3044
26
46
3741
28
38
851
29
35
1548
29
38
2162
29
57
4330
30
34
615
32
41
2594
32
47
2056
33
43
1750
34
42
1075
34
48
3152
34
54
1081
36
53
2204
37
38
226
38
47
2038
39
50
2343
39
55
3485
40
47
948
40
51
2756
40
56
1666
42
55
1581
43
56
2335
44
61
3023
45
53
845
45
59
3934
46
56
1587
48
61
1858
53
57
1106
55
60
512
