0
15
4032
4
21
1872
8
19
2195
8
29
3422
9
168
36539
10
30
3915
11
83
15195
12
72
8064
13
129
32918
24
28
543
31
40
2028
32
46
3114
40
60
4176
41
51
1941
44
64
5066
48
49
200
52
55
1165
54
70
2143
57
132
20471
60
76
3199
62
81
3314
63
69
676
68
71
721
68
95
5620
69
86
1462
71
95
5432
75
85
2528
76
78
350
78
83
1298
88
93
748
90
115
4420
93
95
464
95
104
784
99
110
1617
99
111
984
101
124
1432
104
130
4057
105
125
2136
111
118
840
114
170
9913
116
122
1286
117
127
1471
136
153
2441
141
145
428
141
161
2324
142
150
975
143
161
4062
152
171
3731
157
165
2100
159
164
1253
159
170
1255
164
174
1508
164
178
1456
171
179
2184
