2
20
2585
3
17
1564
3
21
2284
4
12
1109
4
18
1906
6
11
1514
8
21
2380
9
14
455
9
15
1601
10
34
4697
11
24
1815
13
23
929
14
18
1031
14
45
3257
15
41
6351
16
25
912
16
42
4106
17
35
3171
20
25
527
20
32
1948
24
33
2460
24
34
1105
25
49
2592
26
49
1996
28
39
1504
28
48
3557
29
34
682
29
42
2023
30
45
3068
31
42
1243
31
50
4612
31
50
2860
32
39
989
32
42
1675
33
44
1782
33
49
2880
33
49
3123
33
51
2070
34
36
660
34
40
939
35
44
1705
37
49
1305
37
54
2830
37
57
1932
38
46
1215
38
51
1138
40
48
730
41
51
1889
41
52
2901
48
55
645
49
55
928
51
55
531
