0
84
1
4
16
1
6
15
1
6
34
1
11
19
1
15
24
1
17
26
1
20
28
1
22
29
1
22
70
1
24
107
1
25
40
1
27
38
1
28
47
1
29
32
1
30
47
1
32
49
1
32
92
1
35
42
1
35
47
1
39
47
1
39
48
1
41
45
1
43
53
1
44
55
1
44
60
1
44
69
1
46
49
1
48
67
1
49
68
1
50
58
1
51
56
1
51
62
1
54
67
1
54
72
1
55
58
1
55
101
1
58
63
1
58
68
1
60
76
1
66
84
1
70
77
1
74
98
1
78
89
1
80
102
1
83
117
1
86
93
1
86
99
1
88
95
1
89
96
1
89
98
1
89
99
1
89
109
1
90
92
1
90
98
1
92
101
1
93
102
1
94
109
1
98
106
1
99
121
1
111
115
1
111
122
1
115
127
1
118
126
1
