6
23
1
23
37
1
35
49
1
38
519
1
41
45
1
45
62
1
50
60
1
51
61
1
53
65
1
64
68
1
117
399
1
126
144
1
166
176
1
170
176
1
173
186
1
175
195
1
180
190
1
181
198
1
181
490
1
200
450
1
218
226
1
220
229
1
231
246
1
232
236
1
233
245
1
235
240
1
235
254
1
290
307
1
297
313
1
325
336
1
327
339
1
331
339
1
334
344
1
338
354
1
350
358
1
370
374
1
370
383
1
373
377
1
373
388
1
376
394
1
385
398
1
388
391
1
395
414
1
417
428
1
432
453
1
440
451
1
471
473
1
477
491
1
487
502
1
489
508
1
496
503
1
499
507
1
501
508
1
509
522
1
