0
10
773
0
22
4643
1
10
2556
1
35
5969
2
12
1522
3
12
1452
3
50
7654
4
24
4047
4
26
4484
7
18
1118
8
18
2479
8
19
2036
8
55
3206
9
55
11026
10
17
489
10
19
1292
10
36
4308
11
19
1538
11
30
4161
18
23
1010
18
26
1005
18
29
1021
19
27
1879
19
41
1916
20
43
2373
21
39
2517
22
47
3781
23
33
2898
24
35
1114
24
40
1683
24
42
2549
25
26
392
25
34
1446
26
48
3182
27
38
2663
27
42
3145
29
35
1403
29
36
987
29
52
1500
30
36
1325
30
39
1098
31
54
3972
32
42
1593
34
43
1239
34
51
2236
35
53
2494
36
50
2492
36
63
3736
37
44
1151
37
46
1659
38
46
1475
38
58
3319
39
52
2533
40
60
3063
42
46
372
42
49
1634
44
53
1955
44
54
2465
45
55
1280
45
61
2491
48
56
1121
49
55
1539
52
54
402
56
62
1078
