0
11
1
1
21
1
2
16
1
3
5
1
3
25
1
3
157
1
4
120
1
6
16
1
9
17
1
10
174
1
11
24
1
12
20
1
17
34
1
23
30
1
31
54
1
34
181
1
38
53
1
46
57
1
53
58
1
54
63
1
55
70
1
58
72
1
63
69
1
63
144
1
65
82
1
65
83
1
68
81
1
74
89
1
75
90
1
78
83
1
80
99
1
80
110
1
82
109
1
85
94
1
91
183
1
92
114
1
95
103
1
96
105
1
98
113
1
103
119
1
121
126
1
122
135
1
124
136
1
126
131
1
129
151
1
140
159
1
149
162
1
149
168
1
150
164
1
152
165
1
154
164
1
155
167
1
170
174
1
172
181
1
175
184
1
181
183
1
181
197
1
182
190
1
183
196
1
185
193
1
186
200
1
188
196
1
198
199
1
206
210
1
