8
21
3173
10
18
1781
10
24
1934
13
27
2308
17
34
1648
18
30
2783
22
221
29053
29
270
25456
31
40
1776
43
265
36761
46
57
1159
46
65
3558
54
72
3412
55
66
2085
55
66
2010
58
62
989
59
70
1141
62
73
2439
68
83
1436
72
76
390
75
92
2684
86
92
1124
97
107
976
97
121
1724
98
109
1502
102
123
2136
104
115
1259
109
125
3458
110
115
1548
110
132
4458
113
130
3191
114
124
1752
116
121
465
122
136
1904
127
176
4836
142
145
357
164
171
424
167
176
1036
173
187
2029
174
185
923
184
193
1141
187
195
1300
194
206
1890
200
205
580
215
228
976
221
233
2053
226
237
2267
239
240
473
245
253
1893
248
264
1600
253
271
2493
259
270
822
260
269
2260
266
273
1172
269
277
648
273
276
656
