1
88
1
1
117
1
4
12
1
6
27
1
8
13
1
9
25
1
14
30
1
15
33
1
16
21
1
17
30
1
22
35
1
23
27
1
23
30
1
23
37
1
23
40
1
25
34
1
25
49
1
27
35
1
29
120
1
31
48
1
32
48
1
34
103
1
35
55
1
37
46
1
38
92
1
39
44
1
40
66
1
41
52
1
43
50
1
48
68
1
50
62
1
51
55
1
52
77
1
54
65
1
56
83
1
58
64
1
59
67
1
59
71
1
61
77
1
62
108
1
65
70
1
67
69
1
67
90
1
68
80
1
70
91
1
72
83
1
75
86
1
78
92
1
83
109
1
84
104
1
88
105
1
90
101
1
93
102
1
93
104
1
94
107
1
95
100
1
103
105
1
104
123
1
105
112
1
110
115
1
110
116
1
110
124
1
114
121
1
