0
3
333
0
6
1219
2
6
1056
2
7
881
4
12
898
5
13
878
5
14
1011
5
15
2027
5
21
1595
6
23
4536
6
23
4018
8
17
2234
9
25
1628
10
28
3781
12
19
1502
14
20
1256
14
28
1915
15
25
1784
17
22
516
17
32
1999
17
42
6000
18
26
710
18
35
2077
20
32
2219
20
45
3639
21
26
858
21
51
6257
23
43
3822
24
36
1933
25
55
3985
26
39
3118
27
36
2561
27
48
3377
28
43
2105
30
35
778
30
48
1321
31
42
1562
31
45
1672
31
57
2294
32
44
3106
33
39
521
33
44
2242
34
56
1708
35
40
521
37
54
2029
39
55
4167
40
46
571
42
54
2438
42
58
3413
43
53
1836
43
57
1522
43
59
2556
46
54
1506
51
57
841
