3
128
32723
3
135
17176
5
26
3653
9
18
2663
16
18
688
18
39
2674
23
28
1216
24
34
1466
24
38
1781
26
34
1045
30
40
1916
31
32
370
32
49
1280
33
73
7619
36
39
404
36
59
2494
38
47
1131
38
107
5909
41
49
2222
42
68
6164
43
121
9268
46
53
900
46
63
1871
49
55
839
50
67
2578
51
57
1151
51
59
823
56
65
1309
61
72
3257
61
82
1693
61
108
5019
62
67
508
66
76
1434
69
76
1473
73
93
5435
74
99
4256
78
88
1492
82
92
1316
83
104
4043
85
109
2142
87
98
2044
88
100
890
94
98
518
99
120
2915
101
118
3221
102
120
2246
103
111
1440
110
122
1223
111
128
1422
112
116
729
116
129
2708
117
124
820
118
125
597
121
135
3518
123
134
2873
124
130
776
