2
17
1330
3
21
4915
4
26
2061
4
30
7309
4
87
10370
4
91
10360
5
86
14382
5
101
27291
6
99
10228
10
14
769
10
31
1903
10
93
11817
12
30
2682
13
18
684
16
25
1307
17
19
318
18
36
2892
21
32
2800
21
34
1060
22
24
386
23
26
396
25
49
4578
30
52
3626
30
83
14756
31
42
1646
32
41
1181
35
100
7065
38
53
2141
41
49
1908
42
51
1319
43
50
1391
44
52
1880
47
53
937
52
62
1437
52
66
2179
63
90
2691
64
73
975
64
79
3770
64
83
1513
66
69
538
67
81
1123
69
80
1367
69
81
1360
69
81
2960
69
83
1688
70
72
393
72
78
807
73
82
1204
74
84
1927
76
92
3110
77
85
2121
77
88
1672
77
91
1867
78
86
1625
78
87
1931
78
92
1375
84
86
625
85
93
853
87
95
1419
90
91
201
92
101
1453
