7
21
1708
11
196
37980
12
269
20709
13
241
23540
15
17
409
23
153
28432
24
37
2200
25
40
2910
37
287
22433
49
69
1767
55
65
2329
57
68
3087
61
84
4480
63
88
4145
67
74
874
74
76
440
76
100
3114
77
92
2583
78
83
876
79
94
2405
84
279
34931
86
234
34309
87
104
1755
100
116
2427
109
123
1877
112
120
974
113
121
835
118
133
3163
123
142
1780
127
147
2175
129
135
1229
130
184
7735
136
145
618
146
151
594
148
160
2184
151
171
1679
151
190
4727
165
170
564
165
200
3398
169
190
2093
175
185
861
178
202
2750
183
190
1203
189
206
2684
191
213
2345
194
203
756
197
214
3492
204
222
3512
215
216
389
215
224
1505
215
232
4823
227
229
325
227
246
4623
246
255
1887
248
259
2155
260
276
2403
261
285
1980
281
288
726
