0
18
2206
1
68
7801
2
12
775
2
77
8654
3
14
1558
5
6
162
9
12
895
9
21
1979
9
24
3191
10
21
1151
10
21
1238
10
70
10213
11
25
2498
12
32
4414
13
17
550
15
28
3047
15
33
2826
16
26
1895
16
59
4336
17
30
918
18
23
1219
18
24
920
18
32
2130
20
24
740
21
48
2642
23
28
757
24
32
2146
25
32
1654
25
39
2801
26
38
2044
26
44
4202
26
81
4397
28
39
1039
29
38
1436
30
45
1286
35
59
2968
38
52
2030
39
58
5210
41
43
221
43
57
2476
45
61
3213
46
52
1496
46
57
956
47
69
3159
51
55
311
54
60
1183
54
66
2944
55
78
2999
60
67
1503
64
78
3070
65
70
1648
67
72
538
68
75
879
70
76
1643
71
77
817
72
80
1511
72
81
1686
