0
10
2239
0
12
1707
0
59
7131
0
65
7910
1
7
1457
1
10
1522
1
18
3029
1
72
9386
2
64
6696
3
76
16448
5
73
5461
5
75
7334
6
70
9965
8
21
2552
10
12
349
10
52
6495
12
19
963
12
26
1759
13
67
6635
14
23
949
15
20
779
15
75
12690
17
28
1656
20
28
941
20
79
9487
21
28
1345
21
39
1946
21
41
3737
23
36
1259
25
37
2799
27
37
2855
28
44
2613
29
50
2177
29
55
3365
32
34
194
33
36
423
33
41
1354
36
45
2083
37
53
2895
37
60
2323
38
49
2076
41
58
2573
42
62
1812
44
45
294
45
48
291
45
54
1978
47
60
1846
49
56
1504
51
57
667
51
68
2656
56
69
1628
56
74
3220
62
69
482
63
74
1950
64
67
582
73
78
561
