0
9
1038
0
21
2294
0
46
7434
1
8
1256
1
13
2081
1
22
3756
2
20
2958
2
26
3458
3
10
820
3
19
1588
3
21
2123
3
41
8777
3
46
4744
4
12
2164
4
42
3315
5
13
1141
5
13
571
6
19
1464
6
21
2165
6
21
1425
7
13
786
8
20
1724
8
39
4298
9
27
4074
9
32
4292
10
13
534
10
37
1985
11
19
828
11
28
4220
11
29
1734
12
24
1498
12
26
1276
13
23
1864
14
27
1283
15
19
1095
16
25
1115
16
34
1775
18
35
1436
20
42
4046
21
30
1163
24
27
1020
27
32
421
28
48
3226
30
39
2045
31
32
133
31
44
1439
32
46
2499
33
44
1652
34
41
755
