0
4
452
1
14
1372
4
10
709
4
11
1223
7
23
4469
11
123
16217
11
136
34237
12
39
4406
14
26
2025
17
26
992
19
33
2080
19
130
19323
23
138
9950
25
35
2487
27
41
982
27
46
3783
30
133
27521
34
51
1507
35
50
1776
35
150
22833
41
47
1329
41
50
1873
42
63
4432
43
60
1738
43
134
16009
52
72
3266
52
114
6537
55
81
2369
60
81
3800
62
86
2312
65
76
1717
70
90
3099
70
97
6563
72
86
2968
72
137
8859
73
75
585
73
82
1046
75
83
2311
76
99
3958
77
94
3542
81
104
1715
82
90
1092
86
90
310
89
113
2361
96
115
1547
96
151
11427
100
112
3472
100
112
1600
101
118
2084
104
120
3269
109
125
1357
110
123
2451
110
128
1065
115
137
2880
118
134
1847
119
136
3277
120
125
578
124
126
278
124
145
5037
129
142
1585
130
146
1254
137
148
2091
