0
172
21714
4
138
20435
5
24
4037
6
15
1537
12
25
1004
14
30
1960
20
260
61796
22
27
1155
23
34
2945
26
28
620
30
35
684
34
61
3952
39
54
2354
39
64
3217
41
51
1231
44
59
2239
49
68
3114
55
57
778
55
69
1892
63
75
914
63
108
6365
65
85
2555
66
71
1107
72
76
667
73
81
1320
74
84
850
75
84
1021
79
227
27611
80
91
1392
82
91
1261
85
89
714
102
111
2403
103
116
2723
113
135
3082
115
125
1405
123
140
3505
130
136
701
139
148
964
142
231
14177
146
164
3782
146
165
5587
153
158
801
167
178
1105
169
184
3034
183
204
3302
184
227
9204
194
203
1223
198
211
3088
204
226
3130
213
219
1855
218
231
2171
218
237
4741
218
238
2132
241
264
5091
248
264
2339
259
269
1429
