1
8
1631
3
15
1813
3
17
1823
3
91
20803
6
18
1862
6
26
4657
10
23
1054
10
27
2579
12
22
2011
12
82
6266
14
46
4236
23
31
2092
23
45
2008
24
44
2391
29
43
2528
32
74
3570
38
59
2063
43
52
1701
44
53
732
45
56
2264
47
66
4973
48
63
3594
49
57
1543
51
63
2728
52
53
220
53
76
2533
54
70
1666
56
77
1650
60
72
2086
60
74
1062
60
96
3509
61
68
1630
62
66
297
64
74
791
65
77
1568
72
87
1044
74
82
770
77
89
1517
78
85
1580
78
95
2986
79
86
1420
79
94
2905
80
88
1065
80
90
1684
81
88
1465
84
87
603
85
88
465
89
95
1508
89
97
570
