0
74
20192
1
16
1361
3
16
3004
4
17
2950
4
69
9986
5
7
552
5
12
1414
5
15
926
5
15
1096
5
74
13346
7
10
485
7
17
1359
8
72
8111
9
18
1322
10
16
1369
11
27
3377
13
35
4016
13
37
4002
15
34
3387
16
26
779
17
21
365
17
23
826
18
24
696
20
26
505
20
29
2106
20
30
1468
21
33
891
23
30
935
24
43
4608
25
46
2170
25
74
4303
26
39
2642
26
57
5972
28
47
2093
28
54
6204
29
56
6527
30
35
660
30
72
7052
31
42
3059
32
53
1783
36
50
2328
36
58
3971
37
47
902
37
53
3552
40
54
811
41
51
1920
43
61
2765
44
49
1073
45
68
4141
47
49
513
47
54
1364
47
54
713
48
54
693
48
64
1712
49
62
1622
50
51
339
53
57
523
56
57
437
62
68
1946
64
74
1400
