3
24
3743
3
567
152932
9
14
808
28
529
102977
35
41
1079
37
552
50402
49
62
2660
64
71
1598
65
78
1623
72
85
2335
96
114
4287
116
133
1759
133
142
2682
145
150
676
148
151
623
152
163
2160
158
176
1898
171
188
4272
172
181
1587
175
184
646
195
216
1734
215
238
3671
227
240
3867
247
262
3455
250
260
1285
258
263
994
264
290
3651
312
320
1986
314
320
1140
315
322
1208
315
337
4073
318
337
2619
331
342
1503
335
352
2185
355
367
2525
358
374
1307
358
381
2762
361
375
2623
362
373
2259
364
371
1451
372
384
3013
374
385
2745
378
386
794
385
412
5837
393
402
1633
408
432
4070
447
465
2044
451
461
1126
465
469
447
470
477
2219
472
481
2054
477
486
952
485
498
1996
510
522
3258
536
541
664
539
562
1730
546
547
533
