8
16
721
8
27
4251
8
38
3827
9
14
1297
10
168
24779
11
23
1765
15
155
24609
21
25
898
31
113
12555
34
48
2090
35
45
2464
39
41
567
45
69
5068
47
60
1713
47
66
1739
48
160
16731
50
55
821
51
74
2152
53
65
2404
61
71
2111
64
82
2399
66
86
4485
68
81
1635
68
140
14541
69
82
1305
70
85
1329
76
80
551
77
90
1091
77
93
1419
81
97
2853
84
93
1452
86
107
3896
87
99
1849
87
101
1724
95
103
2131
95
110
1607
95
117
3552
99
110
3147
104
122
1669
106
115
975
112
128
2092
117
133
1331
120
135
1213
124
133
1756
127
136
1301
129
142
2808
138
139
393
142
153
905
145
154
1178
147
159
1452
149
173
6619
163
168
501
