1
14
2196
1
156
15781
1
189
34573
3
169
26032
7
9
495
7
16
2180
7
27
5898
9
10
325
10
31
2641
11
25
3428
12
27
2359
15
47
7347
17
172
32405
22
35
2044
28
39
3109
34
47
1852
41
55
2387
42
52
1581
43
64
5156
47
57
834
52
74
4371
53
66
2172
55
70
3235
55
83
3452
63
84
2517
64
70
1158
64
73
1509
73
78
486
74
87
1943
77
91
1809
79
81
425
79
96
3489
84
94
1137
97
108
2155
97
121
3078
107
109
486
121
142
4778
122
140
1996
124
143
3416
125
137
1438
129
133
395
130
147
2391
131
157
3506
138
148
1266
146
154
875
146
160
1394
148
164
1018
152
161
1178
152
164
2632
153
171
1920
154
166
2504
158
159
353
159
162
686
159
164
850
161
176
1843
169
175
668
171
188
4428
