0
7
1128
1
21
3009
1
58
7826
3
12
1184
3
43
5081
4
13
1909
4
16
1907
6
30
4506
6
51
9554
6
56
5025
7
13
699
8
14
1127
8
24
1713
10
16
1265
11
16
820
11
19
700
11
21
1042
11
43
8581
13
30
1150
14
26
1867
16
34
2880
18
21
468
19
31
1635
20
26
759
20
28
1882
20
33
2064
21
54
4814
25
37
3165
25
46
4272
26
40
1085
27
35
1267
28
38
2964
29
31
356
29
38
1282
29
44
1421
30
43
1521
30
44
2277
30
48
2970
30
50
1306
32
42
1541
32
58
3575
34
51
2242
37
46
885
37
51
2612
38
43
1397
38
53
1733
39
40
427
39
49
2511
39
49
1082
39
50
1222
39
58
1323
40
43
533
40
50
2261
43
54
1086
