1
234
34858
10
24
2980
10
28
1881
14
198
12358
15
27
2554
17
29
2359
24
29
607
24
123
20808
43
51
1444
43
61
3225
46
64
2686
49
68
4776
53
208
45865
56
68
1096
62
73
3280
64
73
1311
67
71
766
72
74
491
75
95
4019
82
94
1377
84
94
1833
84
110
4567
89
107
4155
95
111
2151
105
120
2729
106
125
2387
107
111
429
109
115
702
110
118
832
115
138
3094
117
130
1071
142
146
1019
147
153
1023
147
163
1509
151
185
7087
172
175
678
174
186
776
180
193
2570
181
200
3089
183
189
957
184
185
379
184
194
2033
184
196
1082
194
203
2061
196
202
749
196
211
3422
198
212
995
215
220
957
227
233
559
