1
27
4807
7
447
28098
41
59
3332
48
70
2822
55
73
2511
59
73
1773
62
75
1362
62
528
37149
66
68
387
66
77
1494
71
480
62894
73
81
1066
73
168
16294
80
97
2052
95
108
3110
100
157
5792
106
126
4103
116
136
2757
123
137
2948
151
464
38695
169
181
995
183
194
972
188
203
1756
206
214
1853
215
231
2762
223
234
3232
236
439
28848
241
251
2483
266
274
1628
275
298
2420
278
293
2661
285
303
4683
312
320
494
319
332
2624
320
346
5160
328
508
50905
337
340
428
369
506
17956
379
404
6335
383
402
2179
402
422
3097
414
431
3461
422
429
1309
441
454
1297
446
457
2401
447
458
1417
447
470
3521
462
483
5042
468
470
320
470
484
2409
473
489
2438
489
515
4564
507
521
1542
538
539
457
