5
15
1
7
81
1
9
32
1
11
144
1
13
21
1
13
21
1
13
78
1
22
30
1
26
42
1
27
50
1
28
38
1
29
37
1
32
40
1
32
44
1
32
54
1
35
51
1
37
39
1
37
53
1
38
59
1
40
43
1
45
61
1
47
69
1
48
55
1
49
60
1
51
59
1
52
59
1
52
62
1
54
63
1
56
63
1
59
83
1
63
70
1
68
91
1
75
91
1
77
100
1
80
85
1
81
89
1
85
109
1
88
102
1
88
113
1
90
119
1
92
102
1
93
113
1
93
114
1
95
109
1
95
110
1
97
113
1
98
113
1
99
108
1
99
115
1
101
104
1
103
118
1
105
118
1
111
122
1
113
125
1
115
123
1
119
143
1
122
149
1
125
133
1
127
145
1
138
139
1
142
151
1
