4
29
4894
15
30
4111
21
23
280
25
36
1470
27
41
1251
27
42
3288
33
36
1060
35
44
948
36
165
24397
37
48
1025
41
49
1661
48
49
207
64
75
2263
69
90
4258
70
84
3196
70
117
4575
76
87
926
79
96
3568
81
85
499
82
288
21834
86
106
3544
86
280
30721
98
108
1444
101
107
1183
121
128
617
129
135
641
139
247
8924
148
173
3294
149
166
3393
161
170
2247
162
171
1649
164
167
667
164
184
2420
169
185
3218
170
175
1516
170
188
3257
172
187
2503
175
183
1040
189
193
524
194
200
482
196
204
1762
212
229
2773
213
234
2336
213
237
2033
216
222
437
219
225
923
220
242
3565
223
229
825
224
234
1821
233
238
1653
240
253
1681
240
254
2595
243
253
1367
256
262
1923
259
276
2413
261
282
3322
262
272
2046
275
283
2470
