1
19
2692
1
20
1717
2
25
2559
4
7
471
5
17
1519
7
89
11060
9
24
1983
10
20
2448
11
26
1745
12
88
7650
13
24
1245
14
76
10765
15
86
10130
17
84
14371
20
32
1738
21
33
1382
21
41
2251
21
75
11482
22
27
439
22
31
1559
22
31
1775
22
40
1776
25
82
6314
26
35
1795
26
44
1299
31
88
6601
32
47
2432
32
57
3752
33
39
1365
36
44
879
37
42
812
38
82
5387
39
55
2309
40
88
6590
41
59
1598
41
61
1837
41
62
2208
42
56
1645
44
49
783
45
55
740
46
61
1920
47
52
1306
48
60
1487
48
65
1478
48
65
2675
52
59
778
55
64
1381
56
67
1843
57
76
4229
58
63
708
58
64
1266
61
76
1845
62
75
1562
63
79
2496
64
70
878
66
87
5432
66
88
3769
67
76
1677
67
82
1227
72
76
875
76
81
1484
79
87
493
80
85
889
