1
44
5205
2
17
2856
2
26
4142
3
16
1607
6
30
4290
8
16
1203
9
31
1544
10
23
3200
12
18
1554
12
25
1090
12
30
2057
15
29
2021
15
29
3444
16
24
1508
18
22
519
19
27
658
19
30
2011
19
33
1071
19
36
2938
20
30
1753
20
37
1438
22
26
350
22
27
714
22
34
3058
24
34
2463
25
31
685
26
37
1424
26
50
2764
28
34
627
29
32
285
30
51
3038
32
43
790
32
52
4865
33
39
1275
33
40
1039
34
41
888
34
43
1180
35
39
888
35
52
4124
35
62
2812
36
42
1066
37
53
2991
42
43
256
44
63
5595
45
53
1182
47
60
1555
48
59
1593
50
59
1028
50
60
1458
56
61
999
57
64
446
59
60
383
