3
11
1
3
30
1
3
104
1
4
13
1
5
23
1
6
68
1
9
24
1
9
24
1
12
17
1
13
25
1
13
32
1
13
33
1
17
86
1
18
35
1
21
38
1
23
32
1
23
40
1
24
38
1
25
40
1
27
36
1
28
35
1
29
40
1
30
44
1
30
49
1
31
45
1
36
59
1
37
43
1
37
54
1
38
53
1
38
65
1
39
52
1
39
60
1
40
44
1
40
53
1
43
59
1
46
53
1
46
77
1
48
66
1
49
61
1
51
70
1
51
72
1
53
70
1
53
77
1
57
67
1
58
67
1
58
71
1
62
88
1
65
68
1
67
72
1
70
84
1
71
81
1
72
85
1
73
85
1
73
100
1
74
79
1
77
89
1
78
102
1
82
87
1
82
88
1
88
102
1
89
104
1
91
100
1
92
103
1
