0
82
13978
2
10
2015
2
11
1335
2
12
1217
2
15
923
3
5
406
3
13
1572
4
72
6195
5
19
2693
5
25
2551
5
28
1815
6
19
2623
6
40
6357
7
16
2501
8
17
2293
9
25
1159
9
81
18153
11
23
1346
14
27
1533
17
24
1814
18
26
1600
19
28
1439
23
36
1821
26
32
699
26
37
1107
28
38
1968
29
51
1888
34
49
1320
34
63
1683
37
60
4745
37
64
3364
39
61
4456
41
43
339
44
48
969
44
61
3450
45
57
3012
46
48
426
46
54
976
49
63
1705
49
64
1304
51
64
1178
52
64
1892
56
61
1218
62
80
1617
64
75
1950
64
83
1503
68
70
179
71
78
1359
73
74
159
73
83
1074
