1
103
1
2
8
1
8
22
1
9
169
1
13
33
1
16
68
1
23
37
1
25
46
1
26
51
1
30
44
1
36
41
1
43
66
1
45
59
1
46
57
1
49
59
1
59
66
1
59
67
1
65
82
1
67
75
1
74
89
1
74
135
1
76
82
1
76
83
1
79
95
1
81
88
1
85
97
1
86
91
1
87
96
1
87
99
1
88
100
1
90
101
1
95
98
1
95
111
1
98
103
1
98
115
1
103
111
1
104
129
1
110
123
1
129
131
1
137
153
1
139
143
1
142
144
1
143
157
1
144
154
1
147
173
1
149
167
1
150
161
1
154
167
1
154
180
1
156
167
1
158
168
1
159
168
1
167
174
1
171
184
1
176
192
1
177
184
1
178
185
1
179
193
1
180
199
1
183
196
1
