0
25
1
1
296
1
3
248
1
12
26
1
20
206
1
28
55
1
33
42
1
33
53
1
34
229
1
35
58
1
38
49
1
39
44
1
42
43
1
46
229
1
50
63
1
51
67
1
55
65
1
56
71
1
72
95
1
88
104
1
96
102
1
100
108
1
101
118
1
113
124
1
117
144
1
118
127
1
147
149
1
147
171
1
152
162
1
157
185
1
165
188
1
169
177
1
175
195
1
181
188
1
181
190
1
184
196
1
185
200
1
187
291
1
191
200
1
196
209
1
198
212
1
199
208
1
203
295
1
210
217
1
224
241
1
227
236
1
227
254
1
230
232
1
232
246
1
241
253
1
250
263
1
253
270
1
253
270
1
255
272
1
257
267
1
265
282
1
270
277
1
277
280
1
281
290
1
284
292
1
