1
8
1101
3
174
30844
6
140
13820
7
14
1366
9
19
2240
19
29
1559
20
30
1876
21
34
1980
24
35
992
24
42
2229
32
38
1003
35
40
568
35
54
3873
41
67
2403
45
48
435
49
58
1243
52
78
2578
53
75
4193
59
79
4135
62
73
2471
64
77
3137
67
79
1783
74
92
2946
80
93
1031
81
95
3792
96
117
3200
102
106
790
103
109
907
109
121
2618
115
121
1219
117
126
1553
118
143
3832
119
125
1202
123
135
2920
132
149
1969
134
146
2200
136
157
4069
137
145
1129
142
160
3037
143
145
437
143
147
545
146
169
3668
148
151
528
148
156
2139
148
166
2044
149
154
965
152
161
896
152
168
2230
152
175
5016
154
161
1016
154
161
598
160
175
1740
166
174
2031
