0
21
1624
1
13
1510
2
11
832
10
35
4144
13
23
1091
16
21
1112
17
112
9471
19
25
1076
29
39
2491
30
44
2592
31
41
2043
37
40
285
37
58
3155
38
51
1903
43
113
11647
46
59
1053
47
67
2287
54
66
1945
54
78
3910
59
196
18329
62
86
5002
64
78
1839
69
187
15551
71
77
799
73
77
1215
74
86
1659
74
88
3255
75
88
3114
76
77
222
77
102
1966
81
82
394
85
94
1165
86
108
1802
87
105
2644
93
105
2267
99
111
1128
100
113
1750
101
112
2324
101
114
1614
102
114
1464
105
117
1386
108
121
1739
111
123
1708
113
126
3038
115
123
1661
118
128
1231
125
141
2039
126
138
1477
127
139
2266
133
144
1288
134
142
836
141
148
801
142
148
1889
143
166
5426
150
194
6911
159
163
873
160
171
1482
162
165
975
172
178
868
181
194
3782
