18
35
2191
25
30
1226
57
514
45070
61
144
20017
67
79
1439
82
104
3575
94
111
4076
97
111
1329
104
124
3616
106
124
4380
121
126
1007
124
333
23957
134
141
1673
141
144
794
141
152
957
162
176
1646
162
188
2857
199
203
614
203
204
208
204
212
2073
204
218
1982
211
232
3610
212
222
1224
223
241
3548
225
508
24705
267
288
3354
268
278
1434
275
279
501
278
291
1818
281
304
2409
287
291
457
295
313
2332
316
319
528
330
433
10029
337
339
480
339
350
1868
344
351
1786
361
382
4207
374
391
3952
415
429
1849
427
442
4013
427
444
3635
435
448
2252
442
451
2400
461
467
747
466
476
1432
476
483
1001
479
495
1918
491
507
1329
492
497
843
495
512
4113
504
512
1432
519
525
1192
520
540
2377
521
524
654
530
549
1372
