0
62
10979
1
48
9848
1
51
11504
2
7
1465
2
10
1894
2
16
2783
2
38
7795
2
51
4040
4
17
1585
4
19
3996
4
62
11402
5
13
1392
5
14
1492
5
21
2650
6
16
1190
6
61
6827
7
24
2311
7
27
3400
8
22
1214
8
25
2721
8
26
1700
8
30
1404
9
13
707
9
28
3296
13
25
2343
14
20
615
14
59
5270
15
25
2104
17
31
1955
17
35
3424
19
32
1118
21
28
761
22
32
2584
22
32
1161
22
33
3099
22
40
3248
23
30
1077
23
39
3098
24
46
2818
26
31
745
27
37
1374
27
47
3495
28
35
1694
31
46
3139
32
47
1482
32
53
3203
32
55
5686
34
54
2727
38
46
603
41
44
510
41
56
1435
41
56
3704
42
53
917
42
61
1760
43
62
1808
44
59
1997
46
55
1955
48
57
2053
48
58
1259
48
61
1936
52
59
1515
52
61
2143
53
57
830
