0
9
1056
0
18
2804
1
10
1364
1
24
5081
1
48
12220
2
62
10234
5
18
1240
6
20
2918
9
25
2631
10
15
1096
10
79
16295
12
25
1277
12
32
2734
12
35
4701
13
59
7323
14
23
1966
18
36
2115
18
40
1790
20
70
7420
21
37
1698
21
67
5490
22
34
2807
23
61
4452
24
55
3762
31
45
2519
33
41
748
34
37
988
34
44
724
39
53
2521
39
56
1356
40
50
1127
44
54
2524
45
46
295
45
53
2260
46
57
1788
46
58
2152
48
58
1140
48
58
770
49
64
1658
51
61
977
51
67
1705
53
59
1510
53
66
2093
53
67
1402
54
60
668
54
65
936
56
63
1939
57
70
2824
57
76
1927
62
70
745
62
77
3746
64
77
3001
69
76
1351
70
79
1936
72
79
2003
74
76
588
