0
15
1389
0
179
13172
9
26
3477
12
134
13233
17
135
17602
18
140
18139
22
43
2253
26
38
2894
28
30
416
30
40
1890
30
48
3853
32
35
291
33
35
335
34
39
453
35
56
1969
43
54
827
43
161
9291
48
66
1515
51
57
858
63
102
6919
71
79
1809
72
98
5063
74
83
1702
74
95
4114
77
83
1227
82
90
489
82
92
2290
85
105
1958
87
94
1733
87
103
2807
88
94
768
90
108
5032
92
103
1227
93
149
4145
95
108
1394
97
105
1390
97
112
1681
116
129
1756
117
138
2036
120
129
2296
125
133
1313
128
138
1054
130
133
619
140
145
560
142
153
1269
143
168
2748
147
169
5227
148
169
1539
152
167
2376
154
172
1121
159
167
779
161
166
493
163
176
2732
166
177
946
