1
5
667
2
11
2394
2
129
12372
8
17
1193
10
89
7471
11
30
2388
12
29
2230
15
25
1513
17
119
6770
19
33
3077
20
33
1458
23
26
446
24
45
1753
24
47
2459
25
36
1880
32
42
1158
33
39
767
35
38
752
38
41
676
38
49
1186
39
46
1381
41
53
1462
49
54
1330
49
60
1070
52
53
386
59
62
773
61
72
1736
63
72
2128
65
88
2270
66
74
2478
67
79
1249
68
80
1630
70
73
1064
70
83
3388
71
84
2875
71
85
3529
71
86
4159
72
77
882
77
83
1196
79
89
1761
80
94
1535
86
88
168
87
93
841
89
101
2778
93
106
1177
93
106
2883
97
116
2183
101
116
2086
103
112
1951
104
115
1283
104
125
3540
105
114
575
106
110
499
116
126
1363
118
136
2325
126
142
2842
128
142
1914
