0
103
21011
0
103
24331
1
23
5590
4
94
17717
5
26
4847
6
17
870
7
89
13221
7
98
7901
10
18
1498
11
28
2401
17
40
3381
20
44
2213
21
35
2909
21
38
1922
23
34
1478
26
30
509
27
93
9214
30
38
1363
30
41
2067
31
36
794
31
45
3807
32
100
15455
33
50
4323
35
45
2278
36
47
2566
38
46
1585
39
51
1191
39
60
6082
40
50
1085
41
55
1774
45
65
5098
47
54
723
49
67
2981
53
101
9772
54
74
2700
55
62
921
60
61
303
60
66
790
60
70
1757
61
76
2470
62
83
3042
63
70
1276
63
90
8177
67
79
2115
68
83
1374
70
72
795
73
90
1465
76
91
1046
77
102
5324
79
92
1490
79
101
1589
88
91
1050
