1
22
4051
2
4
315
2
8
1209
3
5
411
4
11
2073
5
15
993
6
126
15125
10
18
1748
10
107
15066
11
31
2340
11
96
13577
13
22
2778
15
26
1182
15
28
2900
18
28
2212
19
23
978
21
47
5480
22
30
912
23
125
16305
25
43
1332
31
33
463
31
41
1883
31
121
17568
32
39
1869
34
40
1491
35
45
1381
38
44
904
42
48
1858
42
57
3482
44
52
714
44
61
3750
51
70
4064
53
69
2803
57
68
2429
60
78
1654
60
100
3114
64
74
2728
68
83
3274
69
80
1841
71
82
3011
74
80
772
75
81
1614
75
97
2694
78
92
3306
79
87
1330
87
94
412
88
94
621
89
93
1208
91
106
3005
92
104
1941
95
101
1205
96
103
745
98
113
1955
99
104
919
100
107
585
103
126
2160
106
112
792
107
120
1617
108
118
947
111
120
2313
113
114
160
119
125
770
122
124
377
123
126
271
