2
12
1811
2
16
2038
2
17
3190
2
26
4096
3
13
1397
4
7
561
7
14
831
8
48
9373
8
57
6030
9
16
794
9
32
6085
9
44
4876
10
21
2401
10
30
3468
11
31
3410
11
42
3834
14
22
2178
14
49
3366
16
39
2269
17
19
403
17
28
2854
18
29
1285
18
33
1734
20
47
4555
22
26
445
23
63
7462
24
48
2414
27
29
543
28
37
806
29
39
1001
29
43
3244
33
50
2862
33
54
3688
35
43
1558
38
59
2515
39
54
2757
41
44
755
42
45
462
42
56
1474
43
67
5673
45
49
794
48
67
3365
49
54
1087
50
69
4104
51
71
1808
52
59
666
54
67
1273
55
63
2168
56
66
2617
59
65
953
59
68
1007
63
71
955
63
75
1181
