0
8
1353
1
4
1111
1
73
7205
1
74
16272
2
11
815
3
20
3291
4
13
1457
7
21
1457
7
24
1317
9
21
1464
10
19
1402
12
21
1771
12
23
1623
12
33
2921
13
18
461
13
37
3252
14
17
1005
14
67
6963
15
28
1484
16
59
3993
18
22
993
18
36
3937
19
22
655
19
40
3269
20
32
2603
22
42
2173
23
41
2760
26
39
1962
26
65
7515
26
73
6460
28
49
2214
30
44
2500
30
65
3570
32
44
1293
32
51
2054
35
40
732
41
53
3206
42
43
421
43
59
2340
45
53
861
46
73
3531
48
59
3192
49
59
2103
52
62
1663
52
64
2344
56
74
2316
58
67
1778
59
65
1057
60
70
1551
60
72
1490
62
68
1486
70
73
964
