1
18
3661
6
117
16954
9
15
1111
9
108
9792
10
23
1233
12
38
6390
13
25
2752
13
31
1748
16
27
1982
18
29
3234
18
36
1861
22
34
2183
24
28
501
37
53
2787
40
52
3301
42
63
1406
42
95
8189
43
52
1525
46
49
309
49
61
2854
50
64
1401
50
64
3239
51
68
2758
52
58
573
53
76
2749
55
72
4385
57
76
3506
59
66
1830
60
69
1871
62
63
569
62
80
5496
65
81
3371
74
75
317
77
90
1632
78
87
829
79
89
1729
79
105
2568
82
101
2663
83
92
1934
84
87
989
87
99
1540
90
99
2769
93
109
2259
95
107
2439
101
114
907
104
115
2456
109
110
269
110
118
910
110
127
1832
117
124
1080
120
126
1382
121
125
861
121
129
773
124
131
2175
