0
15
1383
1
7
1281
2
4
499
2
18
2182
2
65
8560
2
66
8021
6
24
2116
9
20
1668
10
24
1814
10
30
4603
12
30
1841
13
27
1943
15
25
1388
17
18
230
18
50
5157
19
35
2425
20
27
2002
21
37
2263
22
28
1804
23
33
1528
23
39
3584
23
40
1848
25
37
1885
25
44
1384
27
36
811
27
44
2592
28
36
958
29
38
1039
31
46
1546
32
41
1911
32
59
2271
33
47
1914
35
42
1141
35
45
1048
35
47
2314
40
50
1218
40
60
4076
44
51
946
45
47
290
45
49
468
45
62
3801
45
65
2281
46
56
1632
47
50
543
48
56
1243
48
62
3007
49
50
457
49
54
1266
49
59
1109
50
59
1090
50
61
1434
51
60
1275
54
64
1415
