11
27
3475
12
22
1340
19
25
835
25
63
4060
32
150
12621
33
82
10584
34
43
1906
47
62
3416
52
62
1326
56
75
1413
57
63
1092
57
66
2649
60
74
1982
63
75
1764
66
87
2201
71
121
9425
75
84
1531
77
100
3408
79
134
4794
80
94
3285
82
87
1709
86
95
2289
87
100
2986
88
99
1829
90
103
1715
92
112
2377
96
102
823
100
119
1987
102
113
3058
102
123
2670
108
112
1311
119
125
1139
120
129
2265
124
138
1643
124
140
1638
126
146
3135
128
135
1582
128
147
5334
129
141
1352
130
139
2221
133
152
3418
135
153
1670
135
157
3715
137
145
1086
139
149
1459
140
147
1349
141
156
3700
149
156
2092
150
164
1150
156
162
637
