0
526
117157
1
546
120519
5
10
588
7
22
2331
17
25
1691
21
31
1188
39
56
2605
49
61
3129
56
68
1452
61
79
2873
88
96
1296
89
107
3513
124
141
3630
130
135
439
138
147
1876
147
154
994
152
160
1585
165
177
2300
180
206
3809
189
201
1726
193
198
1436
199
209
1902
202
216
1499
205
217
2258
210
536
61947
220
231
1058
225
226
238
252
255
393
264
280
4187
312
319
1742
318
327
2650
324
330
749
324
339
3784
343
356
1840
357
375
1658
362
363
220
369
387
3424
376
378
311
376
385
1463
397
408
794
398
416
2989
412
429
3024
415
424
1370
416
433
4207
421
434
874
435
460
5958
436
450
3134
438
452
2077
443
458
1426
459
467
847
460
472
2208
477
485
1448
504
508
588
515
523
567
539
547
1593
