23
29
685
27
51
1774
36
41
880
49
435
68989
51
58
984
62
68
1397
65
87
3843
76
92
2971
76
101
4378
83
91
1561
84
96
2039
86
90
743
86
453
39470
91
100
1542
92
102
1698
95
109
3412
118
137
4433
122
134
1599
139
153
2061
149
151
409
155
164
1456
163
176
1882
171
186
3115
176
185
1762
195
201
1312
206
217
1111
213
232
4300
215
223
2079
220
233
1783
234
238
983
251
257
586
253
258
1586
253
264
1542
275
288
1844
275
288
2133
297
312
1629
298
309
1502
304
314
1276
308
317
1056
311
336
3922
321
331
1877
362
379
2340
383
385
763
413
424
2346
425
445
3609
446
464
2917
459
481
3282
463
480
4848
467
473
1473
