20
29
1198
21
34
1149
23
49
2216
27
33
1220
29
39
2000
32
41
1357
32
44
1345
32
53
3945
42
52
1407
48
61
1770
50
62
2480
55
78
4091
66
84
2713
68
89
5305
86
103
2646
88
92
712
90
99
1641
92
105
1409
93
110
3300
96
97
229
103
106
421
104
116
1649
109
116
1278
110
116
844
111
121
2059
118
129
1574
123
147
1541
125
134
848
125
135
1227
133
142
956
136
153
1977
145
159
3577
146
155
1421
154
240
6011
156
166
1010
166
182
3253
170
175
914
185
190
853
193
217
4005
195
210
1760
198
213
2787
201
217
3291
204
212
1259
210
226
1191
214
234
1887
219
233
1325
233
249
1946
236
243
1158
248
251
865
248
272
2558
249
262
1380
251
257
1761
262
274
1437
263
266
534
265
266
339
