3
17
3355
4
12
1330
6
17
1461
9
290
48386
11
18
1205
22
41
5049
25
39
2649
26
38
1093
30
42
1753
32
137
21962
47
60
1284
56
65
2673
58
69
1412
58
166
12383
59
83
4850
61
283
21822
63
80
3779
69
81
1602
70
74
1064
74
205
14142
76
100
5975
95
107
2659
106
114
854
109
113
542
114
129
1791
115
119
505
117
122
1145
120
132
2462
123
128
707
125
135
1329
133
137
651
139
160
3338
147
150
486
147
164
3831
154
170
1735
160
173
1470
166
173
870
169
175
1900
171
179
1552
171
182
1729
176
188
1213
179
186
466
185
195
1388
185
200
884
196
219
3073
200
281
4565
203
211
1214
207
216
1242
212
222
1308
216
220
384
222
228
1700
224
235
2706
237
244
857
238
252
2284
254
268
1727
256
283
5587
261
282
3016
271
287
1272
272
283
2180
280
286
871
