0
124
21140
2
12
1647
2
23
2043
3
6
457
3
15
1131
3
116
10871
6
112
15538
8
18
3012
9
80
14935
10
15
1183
13
36
2707
15
33
4002
17
23
1088
17
27
2133
19
26
1701
20
29
1540
20
35
1322
25
35
2786
26
30
1074
26
38
3752
27
35
927
28
31
875
29
74
9913
32
49
1643
33
38
1610
36
55
2257
37
38
299
37
43
1015
42
50
1167
43
68
5844
46
58
1398
48
65
2624
54
77
5736
56
69
1028
56
123
13082
68
82
1882
71
90
2420
81
91
778
81
95
2094
85
102
4381
90
104
2078
101
104
399
101
110
1062
103
106
413
104
107
504
105
116
2164
106
110
520
112
115
376
114
120
531
115
121
639
