0
1
373
1
16
2204
1
78
13597
5
84
15510
7
14
708
9
11
367
10
29
1994
11
26
1525
12
192
20610
13
29
3003
13
41
3269
14
38
3506
15
26
1888
23
43
2650
30
35
614
30
41
1676
31
32
242
31
32
542
31
98
11221
32
37
590
32
45
1369
33
178
23449
40
64
3952
47
64
3449
48
65
1323
51
57
1280
54
74
4234
55
68
1953
61
70
2071
62
66
543
62
86
6506
70
72
586
75
80
1344
77
78
510
77
85
1389
80
104
2533
82
88
687
86
102
3434
106
119
3208
108
121
832
109
113
1355
116
124
764
116
135
4494
127
136
1856
127
142
1825
128
143
1407
131
193
17079
132
146
1883
133
146
3438
134
155
3036
143
155
1677
152
164
1564
156
167
2318
156
171
1684
159
181
2602
160
167
1035
160
180
1740
178
184
1079
183
194
1029
