0
18
1
11
489
1
15
38
1
16
29
1
27
40
1
29
49
1
37
41
1
45
62
1
49
66
1
74
94
1
90
93
1
95
104
1
101
116
1
109
152
1
116
137
1
124
526
1
125
139
1
134
147
1
143
164
1
146
161
1
175
186
1
180
193
1
194
201
1
218
589
1
221
249
1
230
243
1
235
261
1
245
262
1
249
251
1
261
313
1
266
283
1
273
288
1
274
285
1
297
303
1
301
307
1
306
311
1
318
326
1
321
325
1
337
361
1
338
348
1
363
372
1
371
385
1
386
390
1
402
411
1
430
443
1
436
445
1
447
465
1
460
468
1
465
483
1
466
487
1
470
477
1
484
494
1
486
497
1
496
537
1
518
531
1
520
527
1
541
553
1
549
572
1
550
568
1
552
575
1
554
582
1
578
581
1
593
604
1
607
612
1
