1
58
11828
3
12
2195
3
67
8420
5
28
3819
5
77
8119
7
11
651
7
15
1712
7
26
2541
7
78
16825
10
29
4019
10
59
5410
11
26
1580
12
28
1824
12
33
5809
13
20
1226
13
23
988
15
30
3923
16
22
672
19
23
413
20
29
1099
21
30
2476
21
45
2956
22
48
3068
23
33
955
23
47
2623
27
44
2913
29
38
1539
30
35
755
30
47
2589
34
36
392
36
45
2248
37
56
3493
38
45
1877
39
43
744
42
59
1748
43
47
1001
43
52
1324
43
63
2176
47
52
579
47
63
1691
50
65
3543
51
53
773
51
60
2229
51
66
2725
52
61
1378
53
69
3108
53
71
4680
55
65
979
57
67
1291
58
78
5668
60
69
1203
60
77
2851
62
66
602
63
79
2785
64
78
1833
65
74
2168
66
78
2628
69
83
2086
80
83
764
