2
20
4992
6
24
4503
22
30
1973
24
37
955
26
305
34667
50
58
1620
61
339
26224
81
318
30529
85
89
678
85
106
1426
94
207
12920
100
107
913
103
113
2721
118
399
52211
133
141
936
141
156
1400
158
374
28676
183
199
3690
185
193
1921
194
203
936
210
228
5251
211
218
1026
218
234
2528
229
252
3333
250
277
4412
254
277
3181
270
294
1677
276
293
2738
303
316
3502
303
322
1244
311
330
5401
315
330
2871
324
344
2797
330
332
349
335
352
1657
355
362
2025
365
373
1452
376
396
2529
378
401
3485
380
394
1879
389
411
3521
391
413
4598
418
428
1928
