1
89
1
2
89
1
3
18
1
5
21
1
5
23
1
6
7
1
6
19
1
7
60
1
9
32
1
9
59
1
10
14
1
12
35
1
14
21
1
14
63
1
16
85
1
17
19
1
18
23
1
19
36
1
20
31
1
20
42
1
22
25
1
23
34
1
23
47
1
24
67
1
25
48
1
26
46
1
26
76
1
29
41
1
30
38
1
30
40
1
31
43
1
32
36
1
35
49
1
36
53
1
37
51
1
37
81
1
39
43
1
39
49
1
39
56
1
40
50
1
40
52
1
44
48
1
44
49
1
44
55
1
44
62
1
45
69
1
46
47
1
46
65
1
48
57
1
48
66
1
49
66
1
51
59
1
53
75
1
55
77
1
57
75
1
58
64
1
58
67
1
58
75
1
58
77
1
60
85
1
61
73
1
65
82
1
68
74
1
70
90
1
