0
10
2524
3
19
2416
6
86
18960
6
91
10294
7
16
1707
8
16
2083
10
29
3928
10
33
1998
11
27
1894
12
16
593
13
35
5130
13
98
9763
14
15
193
14
70
8923
15
35
5533
16
19
377
18
23
709
20
25
983
20
30
847
21
35
2735
27
43
4015
32
41
1352
32
45
1173
34
96
9418
36
104
8710
38
54
2689
41
69
5843
43
52
1160
43
61
3200
44
68
1730
45
51
1174
47
56
1618
50
61
2622
52
54
202
53
56
524
54
98
11417
57
60
244
57
66
720
58
83
3159
60
68
1041
62
79
2580
63
87
4666
64
70
963
64
78
1493
65
66
225
67
79
2389
68
76
1260
70
75
1181
70
83
2512
70
87
4403
74
89
1532
75
79
849
76
81
1053
78
84
665
78
100
3951
79
84
617
80
93
2125
81
91
2627
83
95
801
84
95
3195
88
93
1355
98
103
914
100
102
546
