0
50
6788
1
3
378
2
14
1864
3
17
1125
4
28
5548
4
49
6721
6
15
2703
6
42
3232
6
59
9631
8
19
1609
8
44
7910
9
28
5498
9
30
1634
9
36
2543
10
16
507
10
24
2028
10
28
2116
11
19
1260
11
23
1530
11
34
4529
12
34
3240
12
34
4389
14
21
1292
15
24
1959
15
28
2268
16
35
2670
17
31
2227
17
39
2751
18
36
2101
20
30
2692
21
26
1319
22
30
1039
22
40
3846
23
30
1103
23
34
866
23
39
3449
24
28
913
26
38
2035
27
35
1575
27
56
3734
28
42
3395
28
43
2556
31
45
2839
32
37
1023
32
46
1168
32
50
2891
32
52
4228
33
49
4268
34
47
2343
35
42
1076
37
44
1745
37
53
3764
38
52
1364
39
52
1046
40
53
1537
46
47
373
47
56
1708
47
57
2476
51
56
921
53
59
1859
