4
29
1
15
30
1
21
23
1
25
36
1
27
41
1
27
42
1
33
36
1
35
44
1
36
165
1
37
48
1
41
49
1
48
49
1
64
75
1
69
90
1
70
84
1
70
117
1
76
87
1
79
96
1
81
85
1
82
288
1
86
106
1
86
280
1
98
108
1
101
107
1
121
128
1
129
135
1
139
247
1
148
173
1
149
166
1
161
170
1
162
171
1
164
167
1
164
184
1
169
185
1
170
175
1
170
188
1
172
187
1
175
183
1
189
193
1
194
200
1
196
204
1
212
229
1
213
234
1
213
237
1
216
222
1
219
225
1
220
242
1
223
229
1
224
234
1
233
238
1
240
253
1
240
254
1
243
253
1
256
262
1
259
276
1
261
282
1
262
272
1
275
283
1
