1
18
1564
4
11
977
10
13
517
12
252
20152
12
260
18731
14
28
940
17
26
625
18
223
34992
24
36
2889
27
44
3311
31
71
8983
36
48
2696
37
60
3252
43
47
830
49
59
794
49
65
2002
52
69
1476
56
70
1056
67
85
1372
75
86
2755
79
97
4287
84
135
6659
90
106
2759
90
118
6976
101
103
283
102
114
2865
104
116
2704
116
133
2843
129
145
4020
130
137
1142
130
143
2513
136
243
21090
139
153
2686
139
162
6110
141
156
1407
141
236
23621
165
192
2712
168
188
2400
170
182
814
171
184
1625
180
183
396
187
206
2799
188
201
1781
189
192
628
199
254
6020
203
214
1169
213
225
2415
219
236
3240
227
231
1048
228
235
778
237
254
3216
241
250
2432
249
263
1841
265
267
387
