2
28
2260
3
24
3140
6
28
4800
7
16
842
7
21
3628
8
19
3303
9
20
1987
13
29
4662
13
31
3089
17
84
5009
20
34
2417
20
41
2362
22
98
8766
23
105
13608
28
53
6522
30
121
14928
33
49
2646
38
48
1990
43
64
1580
47
70
4228
52
58
1256
58
71
1475
60
69
2732
63
73
1249
67
79
3195
69
71
565
71
85
2176
79
89
1786
85
98
2593
89
95
1211
90
93
587
100
115
1397
102
108
539
104
112
1301
104
122
1976
108
126
3573
110
115
407
110
125
1442
111
127
2701
112
125
1428
116
124
1611
120
129
775
122
133
1894
124
135
1057
125
137
1697
136
147
2426
