6
17
1
14
18
1
24
29
1
32
37
1
32
450
1
53
68
1
67
69
1
74
82
1
84
91
1
85
104
1
94
391
1
115
130
1
116
130
1
135
448
1
159
172
1
170
171
1
176
189
1
186
196
1
192
200
1
197
216
1
203
214
1
213
226
1
276
290
1
277
287
1
283
307
1
289
306
1
291
306
1
297
312
1
303
325
1
306
315
1
306
324
1
328
347
1
329
338
1
336
348
1
338
365
1
341
353
1
371
388
1
389
395
1
391
404
1
414
433
1
427
598
1
428
438
1
430
450
1
439
441
1
449
469
1
462
468
1
465
478
1
471
476
1
472
475
1
477
486
1
480
494
1
482
495
1
487
502
1
500
509
1
521
531
1
533
544
1
546
570
1
559
564
1
565
570
1
577
581
1
605
608
1
