0
199
37698
2
12
622
4
13
1520
5
16
1731
12
17
1593
16
25
2336
18
44
1908
19
43
3401
20
28
1246
23
47
5036
25
74
4776
27
89
13532
32
43
2373
35
41
1226
39
49
1982
39
51
2373
40
46
868
40
57
3651
41
57
1804
43
60
4468
56
146
8363
57
75
1762
60
75
1037
65
78
3241
66
78
2318
68
88
1770
68
156
14113
70
71
280
75
84
845
77
80
511
78
88
759
81
82
151
92
112
3076
93
107
3118
94
117
1895
102
108
1689
103
119
3523
103
178
13445
104
124
3068
111
122
3088
115
126
1035
115
139
2381
116
125
1047
120
124
644
121
136
1720
125
134
1943
126
137
938
126
141
1721
134
150
1385
137
145
1259
138
155
2944
144
156
1479
151
159
1467
165
174
1618
167
187
1547
169
170
328
179
183
620
181
190
724
184
195
1835
187
195
1798
