0
8
2245
0
16
1080
0
49
2928
0
58
10173
0
60
11915
0
60
3849
1
6
1276
2
9
712
2
28
2465
4
13
1974
6
17
3105
7
19
1294
7
44
7252
8
9
194
8
25
1969
8
27
4831
9
18
2526
9
19
1578
9
22
2177
9
27
2471
9
60
11450
10
21
1459
11
31
4313
12
23
1532
12
28
2482
13
17
546
14
18
617
14
29
1275
17
26
970
17
37
1675
17
43
4023
19
30
974
20
37
2387
20
40
4571
21
31
3049
21
42
2534
22
40
1347
24
36
2157
25
39
2799
25
39
2207
26
38
978
26
38
1751
26
47
2162
27
44
2101
27
50
4927
28
41
2974
29
43
1684
31
40
2102
32
43
1526
32
48
2534
35
54
2836
37
43
1569
37
47
2168
37
51
3115
38
46
1605
40
45
912
40
59
4074
44
49
1271
44
51
1300
46
52
1479
49
60
1485
