1
8
477
2
13
1394
2
24
2009
4
16
2639
4
47
6186
6
65
6302
7
11
345
11
22
1667
11
28
2199
12
14
854
12
20
1032
12
24
852
13
21
825
14
30
2612
14
31
2015
15
20
1120
15
52
4326
17
31
2909
20
24
800
20
30
1381
21
31
2188
22
31
1756
23
25
400
26
35
867
27
40
2548
29
40
1075
29
47
2157
30
44
1996
31
53
4745
32
43
2223
33
57
3375
34
58
3200
35
44
2609
36
42
1274
37
46
1159
37
54
4394
38
49
1138
39
58
2063
40
48
1515
40
53
1042
41
54
1782
42
49
1318
43
64
2519
44
52
1404
45
66
2183
48
58
1110
50
66
1975
51
57
1179
52
69
1529
53
57
574
53
64
1047
55
58
587
55
63
1097
55
67
1547
56
60
1060
56
65
2203
58
61
379
58
62
299
58
66
2064
60
69
1263
63
67
899
63
69
1172
67
68
414
