0
17
3063
1
8
732
1
9
1564
1
21
2810
2
3
536
2
16
2950
3
6
383
3
12
939
3
43
6134
3
52
4013
3
70
8386
4
20
1836
6
48
3735
7
9
425
8
18
2959
9
18
2629
9
22
701
12
30
2697
13
39
3039
13
52
3663
14
26
838
14
26
1036
14
38
4429
18
31
1229
18
34
2527
19
31
1144
19
39
2407
21
26
937
23
28
701
25
38
1774
26
35
1505
28
51
3417
30
43
1478
31
58
3613
32
54
2329
33
44
1210
35
44
2028
36
50
2861
37
49
3282
37
57
2757
38
40
324
38
41
720
38
47
1048
40
47
1727
40
48
872
40
63
6253
41
49
1012
41
51
612
41
65
4362
42
53
1524
44
49
637
44
52
1135
44
59
1795
46
56
2243
47
58
1904
47
58
1660
47
71
2303
49
51
325
49
62
1051
53
62
527
58
68
1886
58
71
1178
61
66
1355
66
71
782
