0
120
1
0
122
1
2
8
1
4
15
1
6
32
1
6
112
1
7
26
1
13
19
1
15
39
1
17
21
1
20
26
1
20
43
1
24
34
1
24
43
1
27
38
1
27
43
1
27
44
1
29
46
1
30
91
1
32
43
1
35
40
1
36
44
1
42
48
1
42
54
1
42
55
1
43
55
1
47
62
1
50
76
1
51
55
1
51
70
1
54
70
1
58
79
1
59
66
1
59
72
1
60
63
1
62
74
1
65
74
1
65
76
1
67
86
1
70
80
1
70
91
1
72
81
1
76
89
1
77
86
1
78
102
1
79
88
1
80
103
1
81
89
1
83
95
1
87
106
1
88
94
1
88
104
1
89
97
1
93
99
1
93
101
1
93
106
1
99
108
1
103
112
1
104
116
1
106
122
1
110
113
1
110
120
1
