0
14
3411
0
15
1474
1
19
1618
2
78
15987
3
53
10587
4
10
1165
4
26
2665
5
12
1440
6
16
1326
7
24
1692
8
28
1473
9
31
2318
11
16
1182
11
36
2829
16
24
690
17
33
2391
17
74
7614
20
31
2713
20
35
4224
22
30
692
22
33
2521
23
31
1766
25
33
772
25
46
2774
26
66
8107
28
39
986
28
40
1175
30
36
692
31
54
2271
41
61
2868
41
66
3496
43
53
1373
43
54
1726
44
51
1040
46
72
6088
47
52
546
48
61
1604
49
56
1181
50
60
1334
50
68
2782
52
56
816
57
72
2076
60
80
3604
62
73
958
62
84
3818
64
80
1400
65
81
4175
66
75
1805
68
79
1511
70
73
565
73
75
289
74
84
902
