4
19
1
4
21
1
4
26
1
5
18
1
6
16
1
7
17
1
8
24
1
9
25
1
10
22
1
12
14
1
12
15
1
13
26
1
14
26
1
16
34
1
17
35
1
21
30
1
21
43
1
24
31
1
24
42
1
25
31
1
27
46
1
28
49
1
28
52
1
29
46
1
30
50
1
35
42
1
35
44
1
35
51
1
37
56
1
37
79
1
38
43
1
39
53
1
40
48
1
41
46
1
43
50
1
43
55
1
44
66
1
45
54
1
47
60
1
47
62
1
48
53
1
48
61
1
48
67
1
49
56
1
49
63
1
49
64
1
49
69
1
49
72
1
50
54
1
50
66
1
51
68
1
52
64
1
54
69
1
57
67
1
58
59
1
58
65
1
60
75
1
62
63
1
63
78
1
65
74
1
66
74
1
67
77
1
67
78
1
73
78
1
