0
568
118119
2
20
3241
18
251
28428
25
39
1585
32
554
49056
37
40
435
39
48
1710
47
65
3421
48
73
2908
55
538
53506
56
66
1373
68
542
69672
84
98
1967
92
100
2005
101
109
658
108
121
1990
114
129
3315
129
136
1116
146
164
2778
150
161
883
157
170
3821
165
387
34814
189
207
2934
199
204
548
214
235
1695
222
239
2220
254
276
3227
255
258
406
264
274
2141
290
299
1319
296
300
705
315
331
3635
320
328
2233
326
343
4868
339
343
548
348
361
2344
351
363
849
362
377
1576
366
378
3402
383
411
3836
400
408
2569
402
419
3665
408
421
3221
412
424
1759
427
437
994
427
453
1650
434
446
1894
440
453
1772
441
452
1162
464
476
894
492
501
1372
497
508
2773
499
519
1813
508
531
3583
529
538
2457
535
550
1598
549
556
2269
566
579
2052
569
586
1043
