0
79
1
4
6
1
4
26
1
5
32
1
6
14
1
6
15
1
6
19
1
8
19
1
8
24
1
9
18
1
9
24
1
13
36
1
13
70
1
14
24
1
15
25
1
15
26
1
16
24
1
16
29
1
16
34
1
16
68
1
17
37
1
18
37
1
20
27
1
20
27
1
20
29
1
20
34
1
20
91
1
21
34
1
21
39
1
22
44
1
25
31
1
28
37
1
28
40
1
28
49
1
33
43
1
33
48
1
35
59
1
37
48
1
41
44
1
46
55
1
49
59
1
50
88
1
51
53
1
51
61
1
54
61
1
54
79
1
57
58
1
57
60
1
57
68
1
58
80
1
62
71
1
62
71
1
63
79
1
64
71
1
64
87
1
66
82
1
68
85
1
69
72
1
70
75
1
70
89
1
74
90
1
80
86
1
83
85
1
88
90
1
