13
522
1
14
21
1
14
26
1
18
600
1
20
584
1
42
55
1
46
58
1
53
74
1
67
83
1
79
84
1
92
107
1
96
121
1
102
115
1
104
479
1
105
515
1
119
122
1
121
125
1
167
179
1
168
490
1
191
195
1
213
224
1
231
248
1
236
246
1
252
272
1
282
288
1
283
302
1
292
298
1
304
318
1
321
515
1
324
349
1
330
342
1
330
550
1
336
339
1
340
356
1
358
375
1
368
372
1
374
389
1
378
586
1
381
385
1
386
394
1
387
403
1
402
414
1
414
425
1
432
448
1
440
454
1
450
460
1
467
470
1
472
496
1
493
502
1
500
513
1
516
533
1
525
540
1
530
537
1
535
549
1
561
569
1
561
570
1
565
580
1
573
591
1
573
600
1
574
579
1
590
593
1
