7
21
1
11
196
1
12
269
1
13
241
1
15
17
1
23
153
1
24
37
1
25
40
1
37
287
1
49
69
1
55
65
1
57
68
1
61
84
1
63
88
1
67
74
1
74
76
1
76
100
1
77
92
1
78
83
1
79
94
1
84
279
1
86
234
1
87
104
1
100
116
1
109
123
1
112
120
1
113
121
1
118
133
1
123
142
1
127
147
1
129
135
1
130
184
1
136
145
1
146
151
1
148
160
1
151
171
1
151
190
1
165
170
1
165
200
1
169
190
1
175
185
1
178
202
1
183
190
1
189
206
1
191
213
1
194
203
1
197
214
1
204
222
1
215
216
1
215
224
1
215
232
1
227
229
1
227
246
1
246
255
1
248
259
1
260
276
1
261
285
1
281
288
1
