0
18
2535
1
20
3394
3
12
2152
4
20
2385
6
17
3279
6
23
1263
7
17
2098
7
26
3256
7
27
2113
8
21
1070
8
42
3074
9
14
605
13
23
2091
13
24
1854
13
47
7516
13
58
4159
15
38
3811
16
29
1127
16
36
4217
18
38
2861
19
30
1625
20
31
1005
20
37
2920
21
27
819
21
38
1751
22
33
1229
22
37
3232
24
34
1566
27
38
1126
29
33
273
29
49
2486
31
43
1417
32
46
1117
32
54
3123
33
42
1840
33
45
1317
34
58
4865
35
47
1419
35
54
4013
37
46
2409
37
55
2192
38
52
1245
38
54
4062
39
59
3866
40
48
676
40
49
1039
41
58
2151
42
50
563
48
51
845
48
56
485
48
58
2877
48
59
1354
51
53
449
54
55
179
