0
12
1309
2
11
1134
6
11
517
8
13
831
8
21
2568
8
71
10006
10
26
1218
14
32
3509
16
31
1758
17
23
1344
17
37
1495
18
36
4988
19
35
2542
20
28
1444
22
30
1139
22
99
11687
23
33
1726
23
38
2048
29
41
3016
29
85
7659
30
45
1497
31
49
2554
31
56
7009
32
49
3574
33
38
701
34
45
1120
37
58
2291
38
57
4161
40
75
4286
41
43
711
41
68
5550
42
50
1131
43
90
5258
45
53
690
45
66
1360
48
58
785
51
63
2028
53
60
1382
53
63
780
56
58
465
58
86
3755
60
75
1169
63
72
870
64
70
661
65
73
780
66
69
354
67
77
658
70
86
2808
70
92
3903
72
98
2879
75
79
1310
75
88
1489
75
101
5947
77
82
623
77
88
1450
78
80
765
79
88
1472
79
97
1869
80
93
1331
82
89
949
85
88
261
92
105
3440
95
103
1919
102
104
533
