0
122
21288
1
28
6056
3
12
1193
4
18
2150
4
23
3551
5
17
2163
5
122
11178
6
18
1408
7
16
2654
8
14
892
8
111
10458
10
25
1683
12
28
4091
13
27
3692
14
27
2405
17
110
16804
18
35
3064
21
36
3629
28
35
807
28
38
1222
31
42
3096
31
49
4607
32
52
1877
38
43
1114
39
41
503
49
62
2284
52
78
2916
54
61
974
54
81
3115
57
66
1144
61
72
1689
61
72
2196
65
85
1963
67
92
4808
72
83
1726
72
91
2193
73
86
1956
73
110
8775
74
83
1280
80
98
3058
83
87
568
84
91
1724
86
96
1519
91
98
1864
95
110
4017
95
116
2666
104
117
3044
107
117
1219
112
121
1771
