15
33
1
17
120
1
18
26
1
18
40
1
19
47
1
20
26
1
20
27
1
21
35
1
23
43
1
24
46
1
25
48
1
27
40
1
32
41
1
34
37
1
34
38
1
34
150
1
37
61
1
38
65
1
46
57
1
47
59
1
49
52
1
49
58
1
52
65
1
53
62
1
55
60
1
55
76
1
57
78
1
58
66
1
72
80
1
75
81
1
79
86
1
79
96
1
80
88
1
81
104
1
82
92
1
83
100
1
84
100
1
87
121
1
92
112
1
94
109
1
96
115
1
100
105
1
101
116
1
103
117
1
106
122
1
110
120
1
114
124
1
117
120
1
122
130
1
123
126
1
124
145
1
125
129
1
126
129
1
127
137
1
130
152
1
131
138
1
132
138
1
134
148
1
139
150
1
141
142
1
144
148
1
