6
11
949
20
24
573
20
538
140446
25
39
3466
27
35
1581
28
36
1734
34
42
1341
46
70
3943
53
66
2148
54
579
96821
62
70
815
71
290
47030
75
81
709
96
604
134748
98
101
241
112
119
2034
128
138
1106
129
138
1850
130
140
1668
131
147
2698
134
148
2278
138
148
1877
163
604
32810
186
193
1303
188
196
1203
193
198
1057
214
220
1565
222
235
2239
232
252
3590
250
264
1634
264
274
1418
266
281
1817
267
283
3523
269
290
4667
277
279
281
283
289
1473
285
313
4398
287
301
1968
294
307
1864
329
332
1126
336
339
310
350
364
2345
366
385
2650
369
387
2279
371
397
2243
374
377
973
392
396
611
401
413
825
406
433
2994
425
440
1625
448
453
1128
448
460
1484
450
457
1473
464
469
611
495
504
1660
496
503
1911
525
529
1122
525
534
1779
542
568
3234
546
557
1996
554
563
1681
598
605
876
