2
75
13510
4
13
813
4
88
17573
6
18
1950
7
18
1434
7
90
18857
9
91
10905
10
18
2191
14
30
1997
16
20
648
18
21
1052
25
51
2544
26
35
2315
27
42
2964
27
43
1500
29
36
1049
31
47
2574
31
54
6124
34
49
2024
34
51
3339
37
47
2582
38
41
771
38
60
1909
41
48
1642
45
49
567
49
66
4276
50
64
1111
50
83
4078
51
57
1409
51
66
2372
54
72
3107
55
59
834
56
68
2791
61
79
2346
67
79
3529
69
74
813
70
78
933
71
84
1890
71
87
3865
71
90
2582
73
76
763
73
80
1820
74
86
2909
74
89
1396
77
80
313
77
91
1866
80
101
5373
83
93
2364
87
101
4319
89
94
524
90
98
1190
