4
20
3333
9
22
1418
19
23
1241
21
171
15613
33
45
1436
37
54
2136
50
56
752
52
59
490
57
73
3775
63
72
1058
63
78
2018
64
86
5527
65
69
1059
69
77
1426
80
90
1458
83
93
1215
84
87
297
90
100
873
96
101
373
97
112
2712
101
111
2600
105
123
1182
109
183
12370
111
136
2726
113
127
2763
116
126
2654
118
126
1341
119
127
1462
131
145
2494
131
152
2815
142
155
2516
146
163
1377
147
153
1219
147
161
2624
152
163
1126
152
167
1156
158
164
1216
159
165
956
171
176
413
175
189
1926
178
186
1064
186
203
1807
194
207
1461
194
217
3892
201
217
2638
209
223
2123
210
226
2705
212
218
821
215
219
686
227
249
4036
229
233
647
250
258
1119
