0
3
397
0
10
1584
1
4
820
1
16
3243
1
58
6589
3
22
2016
3
24
2743
4
10
742
5
22
3182
6
40
4289
6
47
3806
7
22
2438
7
29
4710
8
30
5920
9
21
1381
9
21
1520
11
20
2102
13
22
1781
13
24
1876
14
25
1367
14
34
2781
15
19
573
15
36
4589
16
20
917
19
44
2455
20
21
231
21
34
3981
21
46
3673
22
31
1138
23
43
2627
24
28
606
24
38
3357
25
32
1480
26
31
744
26
33
882
28
34
929
29
35
1750
29
38
1104
31
41
2286
32
40
919
33
43
1171
33
44
2994
33
44
1678
34
42
1812
35
42
1767
35
57
2037
36
48
1072
37
40
532
37
42
519
37
44
1460
37
47
1305
37
51
3316
38
53
3431
41
57
1388
42
54
2938
43
53
2671
45
52
1587
46
56
1572
47
53
862
52
57
652
