4
19
2376
4
21
4161
4
26
2634
5
18
1389
6
16
1057
7
17
2693
8
24
2101
9
25
2632
10
22
1426
12
14
291
12
15
676
13
26
1779
14
26
1376
16
34
3504
17
35
4774
21
30
2159
21
43
4664
24
31
1223
24
42
1749
25
31
961
27
46
2600
28
49
2855
28
52
3618
29
46
2808
30
50
3538
35
42
1755
35
44
1271
35
51
3005
37
56
2943
37
79
3462
38
43
1327
39
53
3407
40
48
1423
41
46
1052
43
50
1024
43
55
1993
44
66
4484
45
54
1228
47
60
2338
47
62
2255
48
53
1409
48
61
2923
48
67
4011
49
56
587
49
63
1897
49
64
2761
49
69
3360
49
72
1644
50
54
583
50
66
2441
51
68
1944
52
64
1389
54
69
1595
57
67
2498
58
59
349
58
65
487
60
75
3936
62
63
344
63
78
2059
65
74
1553
66
74
1241
67
77
2356
67
78
2046
73
78
605
