0
68
8887
1
70
8573
1
74
13242
2
52
3091
2
74
10085
6
31
6971
7
62
6619
9
24
1630
11
20
1094
11
26
1553
12
21
1383
13
29
2114
13
36
3209
14
21
1677
16
43
3720
16
63
7890
17
24
941
20
39
3201
22
46
3370
23
35
2529
24
30
1612
24
39
3691
24
45
2585
25
33
795
25
39
1894
26
30
373
26
40
1405
26
42
1837
26
51
4286
27
35
1185
29
52
5725
30
45
2165
31
47
2844
37
58
1657
39
46
1052
39
47
653
40
56
2139
42
61
1693
43
62
1548
44
68
4275
46
57
2137
47
63
2835
47
64
2399
47
66
4538
48
54
1071
48
63
3707
48
69
5932
49
58
1427
49
66
1129
50
67
3848
52
56
877
55
73
2083
57
67
1065
57
69
1553
58
67
1586
60
66
1027
60
73
3207
62
68
720
64
72
644
70
72
275
