1
22
2883
2
6
668
2
193
41740
5
8
223
5
179
15002
8
24
3441
10
18
1157
11
31
1691
13
22
936
13
22
2442
13
31
2781
18
103
13234
23
36
1130
27
31
281
28
36
1058
29
93
7761
29
169
34506
32
56
2165
32
171
14967
33
141
18315
36
47
1194
36
55
2548
40
141
15412
44
45
356
45
60
2802
50
62
3671
55
61
1376
55
66
1593
55
74
3148
56
68
2443
58
147
20591
64
88
2745
76
95
2477
78
90
2618
85
97
1566
91
98
2156
91
101
2298
92
115
5173
97
113
1922
103
109
855
115
133
2014
124
143
4758
126
129
972
126
138
1822
132
135
517
137
155
2736
137
157
2042
139
157
2563
151
157
1501
152
171
4091
154
177
6196
155
164
976
155
178
5964
162
168
1877
170
185
2897
172
178
1128
175
185
873
176
185
1191
