1
8
1319
1
19
3097
2
59
5143
2
60
13905
3
11
1741
3
14
2059
3
23
1725
4
17
2682
4
18
1814
5
21
1389
5
52
5655
6
45
6325
6
54
8107
8
42
2800
9
13
898
9
43
9293
10
14
339
10
32
2038
13
22
1831
14
26
1006
14
31
2693
15
29
1689
15
38
2704
16
24
2104
16
27
1797
16
36
2109
17
31
2450
18
23
981
18
25
745
19
26
901
19
26
1215
19
31
1224
19
43
2355
20
29
1677
21
40
2661
22
33
3289
25
29
807
25
40
2410
25
43
3619
25
57
3658
26
36
1901
26
51
3967
26
52
2718
27
40
2324
29
34
609
30
52
3404
32
42
1752
32
44
1785
33
44
2196
35
55
3915
37
42
983
37
59
1562
40
44
676
41
49
2244
41
57
3429
41
59
4041
42
51
1907
45
52
833
46
57
2716
47
59
2272
50
57
1093
