8
21
1
10
18
1
10
24
1
13
27
1
17
34
1
18
30
1
22
221
1
29
270
1
31
40
1
43
265
1
46
57
1
46
65
1
54
72
1
55
66
1
55
66
1
58
62
1
59
70
1
62
73
1
68
83
1
72
76
1
75
92
1
86
92
1
97
107
1
97
121
1
98
109
1
102
123
1
104
115
1
109
125
1
110
115
1
110
132
1
113
130
1
114
124
1
116
121
1
122
136
1
127
176
1
142
145
1
164
171
1
167
176
1
173
187
1
174
185
1
184
193
1
187
195
1
194
206
1
200
205
1
215
228
1
221
233
1
226
237
1
239
240
1
245
253
1
248
264
1
253
271
1
259
270
1
260
269
1
266
273
1
269
277
1
273
276
1
