1
14
1770
1
92
9298
2
93
8850
3
71
8384
3
90
9633
4
97
12651
7
32
6671
8
21
1312
11
34
3152
12
35
1609
13
34
2059
13
38
5381
14
34
2085
16
94
9347
18
34
1399
19
40
3992
21
34
2803
25
42
1689
27
40
2052
28
65
6405
28
72
7806
32
57
4504
36
47
1726
38
48
1381
40
46
1048
41
60
2803
42
48
1424
43
60
2896
47
58
1200
49
55
761
56
65
1390
57
70
3531
57
73
2802
59
63
356
59
84
2892
61
68
1434
61
76
1384
63
71
2187
64
77
981
64
80
4775
66
69
593
66
82
1699
67
71
456
68
79
1469
70
74
1195
70
80
2870
70
88
2126
72
82
2330
73
78
449
75
80
1058
77
93
3853
79
94
2775
79
98
5405
82
94
1015
83
97
2031
85
89
522
86
96
2077
92
96
1088
92
97
1028
