5
14
1305
5
251
29589
7
12
1139
12
21
878
14
28
3139
15
28
3334
18
201
25225
21
22
322
29
42
2888
29
245
27072
30
228
50927
35
177
14414
40
177
18643
44
53
921
50
56
666
55
64
2696
57
66
793
65
74
1931
74
77
519
75
87
1113
76
85
1746
77
95
1908
79
87
1032
86
108
1970
86
109
4452
88
99
887
95
103
1568
103
115
1308
104
112
1204
114
120
1697
119
129
1282
123
143
4614
138
151
2234
151
161
874
157
159
399
157
162
1009
158
168
2641
160
174
2111
162
177
2111
170
172
264
171
188
4159
173
197
5114
178
196
1678
178
201
5788
194
210
2144
195
204
1319
224
242
2538
227
249
5330
233
235
720
241
252
1752
243
251
1300
244
249
738
252
264
1570
