0
12
1
2
11
1
6
11
1
8
13
1
8
21
1
8
71
1
10
26
1
14
32
1
16
31
1
17
23
1
17
37
1
18
36
1
19
35
1
20
28
1
22
30
1
22
99
1
23
33
1
23
38
1
29
41
1
29
85
1
30
45
1
31
49
1
31
56
1
32
49
1
33
38
1
34
45
1
37
58
1
38
57
1
40
75
1
41
43
1
41
68
1
42
50
1
43
90
1
45
53
1
45
66
1
48
58
1
51
63
1
53
60
1
53
63
1
56
58
1
58
86
1
60
75
1
63
72
1
64
70
1
65
73
1
66
69
1
67
77
1
70
86
1
70
92
1
72
98
1
75
79
1
75
88
1
75
101
1
77
82
1
77
88
1
78
80
1
79
88
1
79
97
1
80
93
1
82
89
1
85
88
1
92
105
1
95
103
1
102
104
1
