0
14
1793
0
312
18155
1
14
3359
4
25
3959
20
33
2656
20
315
43669
33
50
1577
41
50
1520
55
493
77542
58
255
16943
64
85
4154
69
74
767
76
127
4844
90
100
2073
91
112
1892
103
114
1871
104
120
3248
107
123
1448
133
141
940
133
148
2800
151
159
1414
171
180
1785
171
416
17203
173
188
1785
182
194
2828
182
477
44401
183
186
491
188
195
1058
206
214
2049
217
235
1926
224
236
1540
229
245
1861
265
277
3222
276
296
3612
286
295
1591
301
303
306
306
313
1578
326
337
2960
335
450
8361
337
346
1332
374
392
3804
385
389
1031
388
393
876
410
420
897
431
441
1377
440
448
740
452
476
3236
463
471
928
468
472
482
477
496
2176
