1
16
1
3
15
1
4
17
1
4
58
1
5
19
1
6
27
1
7
13
1
8
17
1
9
28
1
10
29
1
10
31
1
10
75
1
10
77
1
14
24
1
14
33
1
19
63
1
20
27
1
20
27
1
21
49
1
24
34
1
25
42
1
25
50
1
26
43
1
26
44
1
26
47
1
27
48
1
28
34
1
29
35
1
29
38
1
30
44
1
33
51
1
33
59
1
35
54
1
36
63
1
37
51
1
38
47
1
40
47
1
45
65
1
45
69
1
46
68
1
48
58
1
48
72
1
49
50
1
49
66
1
49
67
1
51
64
1
53
62
1
54
61
1
54
65
1
59
67
1
60
86
1
64
79
1
65
81
1
66
87
1
66
87
1
67
84
1
68
84
1
72
80
1
72
82
1
73
90
1
74
79
1
76
83
1
76
87
1
83
91
1
