4
18
3818
6
13
456
6
15
1144
6
32
4005
7
23
1674
7
61
4502
8
26
1648
10
14
1282
11
103
8673
13
56
4016
16
26
2096
16
26
1817
17
23
1368
19
39
2023
27
35
2242
27
91
5382
28
31
655
30
53
3005
31
50
3383
32
39
1581
32
99
7917
35
42
1234
35
57
4109
36
48
1765
36
54
1036
38
65
3810
40
50
950
40
99
7192
41
58
1684
42
54
2376
43
47
1412
44
55
1463
45
46
276
50
56
940
51
65
1755
52
68
1794
52
70
4385
53
64
2038
56
64
929
56
77
1498
60
69
1562
65
74
997
67
73
903
68
80
3263
74
92
3383
81
88
738
83
91
1549
83
99
3930
86
91
635
89
114
2435
90
107
2351
92
101
1282
94
109
1028
96
110
1030
104
114
1804
106
112
690
108
113
965
108
113
711
