0
19
2449
1
9
1377
2
52
4731
3
9
1129
4
23
2996
6
25
2361
7
21
2926
8
31
6635
11
19
1568
18
29
1438
18
36
4773
21
22
366
23
37
1270
24
37
1377
27
34
1202
31
48
1729
32
39
935
35
51
3275
37
59
3403
39
62
2759
43
47
665
44
52
921
48
59
2137
49
57
783
49
100
3057
56
70
2996
57
68
1105
58
81
2103
60
68
959
63
67
722
63
119
6421
64
80
1467
67
72
930
68
95
2521
69
83
3090
71
85
3758
77
83
1094
79
90
2755
82
100
1484
89
104
3424
93
95
531
93
96
356
93
120
5169
95
99
443
96
101
880
96
102
599
100
107
978
102
104
323
111
124
1558
115
127
2214
115
129
1476
121
125
837
