0
15
1
3
8
1
3
19
1
3
83
1
3
157
1
5
129
1
6
24
1
11
154
1
12
30
1
12
98
1
14
24
1
17
141
1
19
67
1
26
33
1
26
34
1
34
44
1
37
46
1
40
48
1
48
61
1
55
76
1
57
70
1
58
79
1
61
70
1
61
71
1
71
83
1
73
84
1
76
93
1
77
98
1
78
87
1
78
98
1
82
92
1
82
106
1
83
92
1
85
99
1
86
96
1
86
100
1
87
99
1
88
111
1
93
95
1
93
98
1
93
108
1
95
134
1
96
102
1
96
113
1
98
107
1
99
121
1
101
107
1
101
119
1
105
125
1
106
128
1
109
123
1
109
128
1
116
122
1
118
122
1
120
134
1
123
138
1
125
130
1
125
139
1
137
142
1
138
154
1
142
145
1
142
150
1
146
158
1
147
155
1
