0
39
4275
0
78
15877
1
48
5968
1
59
7395
3
15
2428
4
10
795
4
18
3362
4
25
2477
4
46
5575
4
77
9762
5
17
1886
10
17
897
10
19
810
12
15
479
13
20
872
13
24
1781
15
29
1746
19
33
1518
20
32
1569
21
23
643
22
38
2855
24
31
1655
28
65
4157
31
46
3849
32
38
1487
32
41
849
32
56
1712
35
46
2370
43
53
3169
45
48
980
46
63
2179
47
53
654
47
61
1477
48
58
1504
49
55
1074
49
58
2079
53
55
382
54
62
2050
56
69
1702
58
66
1615
58
76
2928
59
66
1028
60
71
1849
62
79
2327
63
75
2084
63
76
1447
64
78
2703
72
78
1193
