11
19
657
16
32
3836
20
32
2925
21
37
2064
23
42
4611
25
34
846
29
41
977
29
148
19885
35
151
8043
38
41
710
45
165
16684
48
68
3337
49
220
24161
61
65
356
64
71
791
64
76
2417
67
87
2708
70
90
2943
73
99
5854
76
92
1511
77
195
18012
88
138
10337
89
96
1326
93
104
1014
96
108
2959
102
116
2502
112
130
4367
117
124
1693
117
128
2842
126
127
212
126
144
2252
129
141
1764
134
150
1803
140
146
1248
145
168
4363
158
184
2964
163
177
2628
164
169
505
165
190
5414
185
192
1196
185
193
1436
190
194
509
197
208
1759
198
216
2210
199
220
4263
208
219
2454
