7
16
1
14
19
1
20
41
1
36
43
1
64
77
1
67
72
1
68
89
1
78
96
1
78
526
1
79
90
1
85
112
1
105
107
1
123
139
1
139
155
1
141
146
1
148
163
1
150
165
1
156
159
1
161
168
1
171
183
1
172
380
1
187
200
1
189
197
1
191
197
1
192
198
1
204
221
1
206
222
1
219
227
1
227
423
1
229
247
1
235
245
1
253
265
1
258
259
1
267
286
1
275
278
1
287
298
1
311
333
1
325
339
1
326
336
1
330
338
1
352
360
1
361
370
1
376
383
1
377
387
1
387
402
1
399
413
1
409
420
1
422
434
1
443
454
1
445
463
1
448
459
1
452
473
1
463
471
1
480
486
1
536
548
1
546
562
1
550
570
1
561
577
1
562
579
1
577
583
1
586
600
1
602
611
1
614
621
1
615
636
1
