3
14
2144
13
30
2298
15
35
4409
21
239
42640
23
49
2658
25
225
29638
26
41
2938
27
41
2457
28
39
1790
31
196
16657
36
52
3053
44
56
1675
56
70
2785
58
65
1263
59
84
5426
76
85
917
86
90
304
86
100
1759
90
136
10270
91
115
4513
93
101
1822
98
107
1707
109
121
1857
112
126
1200
121
137
1490
126
143
4235
134
148
1554
136
150
2800
144
156
1285
153
178
4382
156
159
590
157
178
3860
159
163
1139
160
183
4431
166
172
703
167
178
1616
170
181
2922
174
177
363
176
193
1789
182
193
1190
184
210
6692
189
192
874
189
196
1787
191
197
617
196
210
1718
199
220
5345
206
214
983
212
222
2088
222
250
4232
226
232
1772
230
243
1475
247
248
282
255
259
606
257
265
656
