1
26
1
2
13
1
2
15
1
4
9
1
4
14
1
4
124
1
5
22
1
6
16
1
6
19
1
6
59
1
10
17
1
12
22
1
12
109
1
13
18
1
13
27
1
14
17
1
14
27
1
16
35
1
17
31
1
17
110
1
19
39
1
20
23
1
21
26
1
24
30
1
25
31
1
28
53
1
29
44
1
32
49
1
34
53
1
35
41
1
38
43
1
38
55
1
43
54
1
43
86
1
46
63
1
48
50
1
50
70
1
54
58
1
57
69
1
57
73
1
61
69
1
65
79
1
67
89
1
71
75
1
79
105
1
82
93
1
82
94
1
83
89
1
89
114
1
91
100
1
92
97
1
92
101
1
96
110
1
97
113
1
97
121
1
99
124
1
101
119
1
104
116
1
107
118
1
109
113
1
109
121
1
112
120
1
114
127
1
115
124
1
