0
17
2318
0
17
2812
1
53
6028
3
26
2535
4
14
2077
4
22
1675
4
27
3429
4
30
3366
5
14
1628
5
61
14135
6
13
840
6
15
1460
7
28
1888
8
28
1938
9
28
2145
9
35
2800
10
43
3173
11
27
4142
11
56
5239
12
26
1743
13
22
2047
15
24
1669
15
33
3827
16
23
1665
16
25
1423
16
28
2345
18
23
1473
18
40
4058
19
21
687
19
30
1779
19
39
1736
20
26
1136
21
28
924
21
31
869
24
47
3477
26
57
4737
27
48
2509
31
44
1120
32
51
3523
32
52
5612
33
36
397
34
45
2129
34
45
2733
34
47
1534
34
58
3571
37
49
911
37
49
3139
38
45
485
38
45
1561
38
55
2933
39
57
2244
39
59
3556
40
59
2981
40
60
1947
42
55
878
46
55
2328
48
53
884
48
57
763
49
54
547
50
58
1942
55
60
1306
55
62
649
60
61
186
