2
9
950
2
16
2428
6
19
1854
13
20
1197
16
32
4427
21
42
3609
22
49
2018
26
142
23322
27
39
2892
27
48
3889
31
42
1093
32
181
21131
34
39
1441
36
38
339
36
47
2858
36
51
2498
36
156
17971
37
53
1729
41
52
2097
41
90
9833
44
62
3946
45
66
1446
50
59
1668
51
60
1529
52
64
969
63
72
908
64
78
1868
66
87
2962
69
76
1665
78
87
1915
78
148
10280
87
90
482
89
98
742
94
106
1255
100
109
1005
104
113
659
105
120
1733
105
129
3154
107
110
895
107
120
1243
113
129
2992
116
122
1717
116
142
3098
122
137
2146
123
145
1654
127
137
1329
132
142
3270
133
150
3564
136
164
4967
143
165
3387
148
154
2017
150
163
1374
153
163
1575
156
164
1111
169
182
1071
