0
13
1196
0
17
2044
0
21
2844
1
28
3957
2
46
7742
3
24
2666
4
16
2535
5
27
3936
6
23
3193
6
24
3347
7
22
1781
8
29
4749
8
34
4093
10
16
1881
11
19
878
11
25
2836
12
42
3780
13
19
919
13
27
1448
14
23
823
14
25
1727
14
32
1928
14
35
3156
14
41
3251
16
38
4045
17
25
932
17
44
3001
19
30
895
19
37
1997
20
40
3213
21
40
2544
22
27
1092
22
36
2526
22
36
2683
23
35
1319
24
43
5049
24
46
3986
25
39
3733
25
40
4223
26
38
2128
26
45
4414
28
33
959
28
37
1437
28
46
2153
28
47
3665
29
32
593
33
41
942
38
45
835
