0
8
870
1
133
32182
7
102
14488
8
20
3566
10
30
3503
11
25
2312
11
106
14358
14
112
13538
15
27
2252
15
31
3145
17
36
3366
17
140
25670
19
25
609
21
30
1245
22
37
3700
22
128
18874
25
39
2814
25
50
2532
26
36
2036
26
39
2944
31
55
6279
32
41
750
33
45
1376
34
51
3159
36
46
1265
36
48
1736
38
47
1047
40
45
755
58
64
1320
59
64
1112
64
66
603
68
99
4207
72
82
1133
79
140
4547
82
100
4490
83
95
1918
86
91
1317
94
107
3009
102
119
1754
111
130
3365
118
137
2625
120
131
2091
127
144
2001
137
144
695
