2
13
2477
2
16
3767
11
32
3240
14
18
482
15
37
4681
15
41
2461
17
31
3854
17
162
27231
23
212
48294
30
33
666
30
34
590
30
48
4334
47
61
1394
48
190
14541
50
64
3807
59
64
646
60
63
1118
65
82
3788
79
92
3211
79
97
3090
83
90
1171
83
94
2952
94
109
2653
118
128
1199
120
134
2649
129
147
1322
130
141
2081
132
147
1454
133
158
3022
137
145
528
138
155
4078
139
149
2276
142
149
468
144
164
5654
154
167
1273
155
156
461
156
168
2141
160
166
1381
160
173
2374
161
171
1379
163
174
726
173
184
1567
188
202
3118
