6
174
1
54
56
1
55
65
1
64
583
1
86
609
1
107
120
1
127
139
1
137
159
1
149
597
1
153
212
1
155
175
1
156
158
1
160
166
1
177
197
1
179
195
1
213
230
1
223
239
1
240
255
1
263
270
1
265
274
1
286
298
1
289
309
1
294
303
1
320
334
1
327
351
1
333
351
1
334
338
1
336
337
1
342
350
1
349
361
1
354
379
1
355
364
1
357
367
1
367
377
1
379
388
1
380
400
1
397
414
1
445
452
1
447
465
1
448
470
1
456
460
1
459
466
1
471
481
1
477
484
1
482
491
1
482
493
1
487
496
1
488
496
1
490
515
1
492
503
1
493
506
1
516
528
1
524
532
1
527
540
1
529
542
1
532
540
1
542
548
1
562
577
1
565
574
1
568
577
1
572
582
1
583
592
1
603
619
1
