0
21
1
11
18
1
12
21
1
14
33
1
19
41
1
26
38
1
32
43
1
32
49
1
37
54
1
51
59
1
60
73
1
63
81
1
67
83
1
69
78
1
87
91
1
108
113
1
122
126
1
124
136
1
130
150
1
145
165
1
154
163
1
156
164
1
171
185
1
181
182
1
187
195
1
199
204
1
199
498
1
216
239
1
230
248
1
237
246
1
248
269
1
273
280
1
288
292
1
296
301
1
307
321
1
330
342
1
331
347
1
345
352
1
358
373
1
362
385
1
363
369
1
369
383
1
388
397
1
402
412
1
407
410
1
419
426
1
449
465
1
454
476
1
465
477
1
467
574
1
474
482
1
484
493
1
495
507
1
506
526
1
517
520
1
533
548
1
543
550
1
562
572
1
576
580
1
