0
11
1329
0
14
1611
1
5
1247
1
48
4017
3
10
1272
3
23
1954
4
14
1131
4
14
2596
4
24
4292
5
14
1385
5
15
2038
8
31
4587
9
25
2528
9
31
4699
10
17
1307
12
18
1044
12
37
4647
13
16
710
13
25
2056
14
30
4348
15
25
1912
15
37
2646
18
27
1985
18
30
2140
18
33
2073
19
37
1329
20
38
2728
21
30
876
21
33
1675
21
37
3569
23
44
2999
24
42
2609
24
43
2144
25
32
1413
25
46
4547
26
36
1806
27
35
1689
27
45
4267
28
36
1265
29
35
876
29
38
1222
30
48
4512
31
44
1464
31
48
1851
35
42
1508
36
47
2207
38
46
1169
39
45
687
40
47
703
