1
45
6230
1
52
7649
2
10
1020
3
11
700
3
14
2558
6
20
3577
6
25
3754
7
16
1418
7
18
2285
7
20
3116
7
21
1385
9
12
722
10
12
533
10
17
1084
10
30
3074
11
21
787
11
21
2563
14
27
3687
14
40
4620
15
30
2729
15
31
2162
17
27
2443
17
40
1653
18
29
1940
18
31
1214
18
35
1934
18
47
3119
19
34
1217
21
24
400
21
42
5474
23
48
4108
24
30
1448
25
41
1058
25
41
3580
25
41
2807
26
42
3167
29
32
490
29
36
1091
30
42
1378
31
46
1665
32
41
2057
32
42
1615
32
52
3464
32
53
5941
33
51
2249
36
45
1791
36
48
878
41
51
2548
