0
52
6376
1
54
9241
1
66
13836
3
54
3824
3
65
9383
4
8
1146
5
26
3544
5
34
3154
6
20
3291
6
56
5001
8
16
1541
8
30
2773
9
18
1111
10
17
1744
10
36
3717
10
37
4515
12
17
861
12
24
3419
13
66
5240
16
35
1377
18
24
1658
18
30
2436
18
37
5203
19
40
2463
22
30
881
22
35
1505
22
64
5133
24
33
995
24
39
3023
24
41
3651
25
29
502
25
33
1774
31
42
1864
32
55
2837
33
51
2357
34
43
955
34
44
2513
34
47
1501
34
50
2711
35
45
3144
35
53
4340
36
40
946
37
56
4746
39
50
2573
42
49
1304
42
56
1457
43
52
1489
47
58
2583
48
55
823
48
64
1212
49
59
2107
50
56
740
50
63
1277
51
67
2592
53
65
2052
57
64
1658
57
67
1545
57
67
1976
58
66
1827
60
67
1677
65
66
323
