0
88
18089
1
2
234
1
14
751
1
20
2645
2
24
4049
2
30
7035
3
8
593
6
74
14365
7
18
2164
7
27
4777
8
23
1960
8
26
2157
9
15
684
9
88
14926
11
14
900
11
29
2650
15
31
2489
15
32
2329
16
28
1846
16
33
2030
16
37
2357
18
20
829
18
43
4083
20
34
2199
28
40
3302
29
44
1621
31
41
1566
31
46
1949
32
41
839
32
56
4403
33
46
2127
37
58
1888
39
58
2592
39
59
2391
41
46
888
41
51
2450
43
55
2357
43
61
2263
44
47
604
44
64
2283
45
50
1208
47
55
1014
49
75
6542
51
64
1127
52
68
959
52
72
3045
56
84
7103
57
72
2486
61
74
3073
64
83
3301
65
75
1048
67
71
908
68
86
1488
73
81
1091
73
84
1407
78
85
1056
