6
160
14803
7
157
32127
8
17
1692
10
12
253
13
26
1442
14
116
8763
22
33
1188
23
36
2896
27
40
1950
28
32
615
28
71
4759
30
33
925
32
38
589
32
42
2296
34
43
1367
35
47
1597
40
63
3746
43
56
1313
53
63
1223
57
63
1318
62
144
14578
67
82
1442
69
79
648
71
86
2573
80
87
1433
83
108
4930
88
109
2144
90
110
1189
100
122
6596
103
117
3572
105
107
492
113
126
2474
113
130
3244
114
126
1214
115
129
3733
116
124
1633
130
139
2075
131
149
4453
132
141
1653
133
135
397
133
143
1499
137
139
498
138
153
2760
141
157
3750
141
161
4031
142
145
463
146
155
1731
147
169
2927
148
168
1486
150
155
880
156
168
1768
