0
18
3749
0
26
3181
0
34
5155
0
70
5240
1
14
3340
1
20
4662
2
16
3328
2
62
9975
5
11
734
5
48
3697
6
17
2078
8
23
1413
9
28
3302
9
60
4887
12
25
2265
13
27
2034
14
24
1471
15
22
1090
19
48
2363
21
31
1968
21
37
1755
21
41
3384
23
34
1220
23
41
2268
24
28
1028
26
51
3135
27
39
3074
27
41
4028
27
43
2964
32
59
5579
32
69
6107
33
40
732
34
42
2206
34
45
1954
37
52
2343
37
64
5811
40
53
2839
42
49
816
42
65
5851
43
56
1839
43
64
4572
44
71
3634
51
57
454
52
65
1620
54
68
1550
55
64
1045
55
69
1342
56
68
1085
60
69
1715
63
71
1068
