0
8
2115
5
21
1873
5
22
3030
10
21
949
17
28
1744
18
33
1381
19
102
13663
19
110
8306
24
45
2184
25
32
2086
35
56
3666
36
41
769
39
60
4626
40
62
2305
42
91
11487
43
47
1319
43
52
1406
45
70
7053
47
52
1240
48
59
2342
48
65
2689
49
57
1037
49
73
2515
50
66
2730
53
106
11262
55
63
1163
60
74
2115
60
77
2588
62
74
1855
63
77
1462
65
77
1730
65
109
3681
73
89
1756
74
84
2674
74
87
2084
76
80
313
78
90
1139
80
103
4245
84
103
2423
86
106
3062
86
114
2244
87
103
1255
88
102
1507
89
104
2320
94
114
1502
103
112
1247
