1
10
1594
18
29
1617
19
29
3044
27
34
1026
27
207
39699
33
36
783
33
43
1793
37
71
5515
39
48
1395
39
56
2010
45
60
2103
49
69
2703
50
56
902
67
89
4077
75
85
1659
78
96
3908
86
97
1415
93
101
871
93
302
19676
103
112
1972
105
118
1824
115
132
2042
117
140
4262
125
129
341
127
143
2000
127
146
3928
132
145
1280
147
159
2909
147
166
1406
152
168
1750
154
163
1001
156
162
958
167
183
1788
168
180
1188
172
191
1786
188
214
5393
192
193
264
195
213
2507
197
205
1598
200
212
1548
206
222
1689
207
228
3578
217
235
3598
219
242
3227
220
232
825
221
235
1263
221
249
3400
226
233
760
227
238
1046
234
257
4672
251
266
1835
252
270
4267
254
263
2022
267
273
895
275
294
2977
276
291
3055
277
294
2003
277
301
6249
285
296
3137
289
301
2013
289
304
2528
290
294
469
305
319
1860
314
317
538
