1
103
7569
4
9
591
4
14
2589
5
10
769
13
39
6168
13
63
6864
14
24
1749
18
25
701
18
27
2633
18
28
1985
20
29
1459
20
36
3024
24
90
5823
24
104
10721
28
49
4401
29
44
4543
30
42
1814
30
46
2259
31
50
3553
34
41
814
35
54
1095
38
47
1431
41
55
2899
43
51
1928
44
48
948
46
51
896
48
61
1433
49
67
2657
54
72
4700
55
67
1393
57
63
759
58
74
2811
58
78
3484
59
73
3819
60
70
3091
62
78
3959
63
84
1867
64
74
1860
66
78
1534
67
78
1267
73
77
700
73
82
1179
73
86
1467
76
82
577
76
100
3721
77
87
983
80
102
2208
82
90
960
83
102
2126
83
103
1278
84
95
2547
86
93
869
87
93
1899
97
99
645
99
108
763
108
110
714
