0
520
37525
15
460
97999
16
34
4768
21
26
844
31
34
598
35
44
2261
41
48
547
45
49
514
52
67
3126
53
59
737
57
454
51839
58
456
50491
58
517
78144
73
85
3214
98
298
30240
99
109
2253
99
114
3087
99
119
2333
100
111
1608
100
411
24820
102
118
1509
120
143
3659
133
141
1410
137
153
2346
146
158
2485
147
160
1726
147
163
1040
154
165
2110
167
510
83584
186
205
1728
194
219
2647
224
236
3001
244
255
2200
265
286
3780
269
314
5448
275
281
1199
275
286
1492
309
315
1090
324
334
1965
329
490
21113
377
390
3350
378
390
1493
378
398
2535
393
395
391
422
440
2880
445
450
1567
448
457
1974
459
475
1245
467
477
2816
479
489
1000
479
497
4023
482
488
649
509
523
1757
