1
18
1
2
12
1
2
18
1
4
17
1
4
19
1
4
112
1
8
60
1
11
19
1
11
32
1
12
24
1
14
18
1
19
38
1
23
29
1
25
28
1
27
35
1
29
53
1
30
41
1
32
37
1
35
53
1
35
58
1
36
60
1
36
60
1
39
49
1
41
47
1
41
53
1
42
53
1
43
48
1
43
72
1
44
53
1
47
65
1
48
50
1
51
64
1
54
65
1
54
68
1
57
67
1
58
69
1
59
69
1
61
73
1
63
84
1
65
88
1
67
82
1
74
93
1
74
96
1
75
96
1
77
100
1
81
85
1
81
100
1
83
93
1
85
96
1
87
111
1
88
106
1
89
98
1
89
103
1
93
104
1
96
106
1
98
111
1
98
113
1
101
110
1
103
114
1
104
120
1
110
118
1
113
120
1
