1
88
14933
4
5
268
4
17
3037
7
66
7711
8
19
2389
8
79
11716
10
16
1427
12
22
1296
13
30
1338
16
23
1465
17
25
1703
21
47
3065
23
38
2251
23
38
1599
24
30
1029
24
40
3073
25
40
2392
26
53
4050
29
48
2057
29
50
2370
29
55
3658
30
36
711
30
46
1679
31
43
2563
32
52
3098
34
49
1638
35
45
2774
39
63
3185
40
49
1077
40
56
1422
41
50
1932
41
56
1485
43
46
818
43
49
644
45
50
687
45
51
666
45
62
3359
46
65
5045
47
54
1351
49
72
4786
50
51
273
51
69
2858
52
71
2289
53
57
444
53
64
1964
56
65
1852
58
62
993
62
73
1783
62
73
3158
64
72
1445
65
87
3091
67
80
2299
70
79
1065
