0
20
2645
0
73
12694
1
50
4054
2
24
1559
2
25
3550
3
21
1681
4
48
2517
7
40
4793
12
21
2216
12
31
2670
12
62
8379
13
22
2052
13
28
1555
14
28
910
16
26
1336
17
28
1281
20
29
1593
21
42
3260
22
31
661
22
33
1332
23
34
1488
24
47
2579
25
39
1316
28
37
1852
29
56
2394
31
36
572
32
45
2433
33
48
3681
33
50
3067
37
47
1863
38
54
2972
40
56
2157
41
43
285
43
63
5190
44
52
956
46
60
785
47
70
1923
48
56
1405
48
59
1084
49
61
1579
49
62
1867
51
63
1525
51
63
1924
52
65
2940
52
67
2534
53
63
1217
53
76
2777
54
63
1340
55
66
2682
56
65
1050
60
72
1382
61
62
376
61
72
1626
64
75
1729
