0
14
1
1
9
1
1
13
1
1
15
1
2
8
1
6
19
1
9
26
1
12
31
1
14
37
1
15
29
1
20
30
1
20
31
1
22
114
1
23
24
1
23
33
1
23
41
1
27
48
1
32
47
1
34
85
1
36
49
1
40
51
1
41
60
1
43
50
1
44
49
1
54
61
1
55
60
1
55
64
1
57
76
1
62
72
1
67
78
1
71
74
1
72
84
1
73
78
1
76
93
1
77
94
1
81
137
1
84
111
1
87
98
1
88
105
1
91
127
1
93
100
1
93
103
1
93
106
1
99
109
1
100
107
1
104
111
1
105
118
1
108
121
1
115
136
1
116
141
1
120
124
1
120
131
1
123
135
1
124
136
1
124
137
1
125
129
1
127
139
1
128
147
1
131
141
1
138
146
1
140
146
1
149
152
1
150
154
1
