0
4
1
0
16
1
0
25
1
4
16
1
6
8
1
8
21
1
9
13
1
9
19
1
11
24
1
16
27
1
16
150
1
17
28
1
17
28
1
17
149
1
22
47
1
23
33
1
24
106
1
24
156
1
29
43
1
33
57
1
34
44
1
37
45
1
40
45
1
43
59
1
44
156
1
46
57
1
47
62
1
47
67
1
49
135
1
51
70
1
53
61
1
56
71
1
59
60
1
60
85
1
69
83
1
69
87
1
75
93
1
76
110
1
84
87
1
84
102
1
85
96
1
90
94
1
90
100
1
91
104
1
91
112
1
93
94
1
96
110
1
97
103
1
97
113
1
101
119
1
103
113
1
106
124
1
108
113
1
108
119
1
119
126
1
126
132
1
127
149
1
130
145
1
132
146
1
140
154
1
141
148
1
145
151
1
145
155
1
155
156
1
