0
13
2522
0
164
31580
2
11
1298
5
83
6385
6
21
2177
6
140
31785
20
31
3367
22
30
2091
25
34
1615
27
30
1003
27
34
1305
29
144
19732
30
36
829
30
39
1883
37
53
3417
39
51
1552
45
141
12220
47
50
555
50
56
1599
50
66
1393
51
59
1608
59
68
1931
63
77
977
63
80
1173
68
80
3178
68
81
1221
77
84
765
89
97
1146
89
108
4710
91
102
1359
93
110
3480
95
103
2436
96
122
3435
97
111
3269
99
105
1820
101
124
5305
106
124
2123
110
126
3454
124
131
1824
126
133
849
129
138
1133
133
153
3379
135
142
863
136
156
2860
139
143
782
141
156
2616
144
152
757
146
160
2075
153
160
1066
157
166
1279
158
168
1218
