0
53
6822
2
11
977
2
16
2168
3
54
5751
5
11
1110
5
16
1267
5
18
1311
6
24
2181
6
24
2129
6
28
2205
7
46
10154
8
28
5691
10
31
2122
11
21
1941
12
19
1308
12
24
3122
12
27
1190
14
16
433
15
21
1414
15
36
2151
18
20
405
18
29
962
18
31
2723
18
33
2261
19
29
2106
19
35
2017
19
44
4551
19
45
3101
20
21
358
20
36
2009
21
23
746
22
30
1460
22
47
3231
22
47
4763
25
29
1420
25
41
1931
26
31
1247
27
39
2358
28
41
3297
28
45
4345
30
42
1447
30
48
2742
30
51
4510
32
54
6592
33
35
278
33
49
3000
33
51
2533
37
44
818
37
51
1394
39
51
2212
40
47
1208
40
52
1724
44
47
814
44
52
1579
45
54
1893
46
53
814
