13
522
82614
14
21
1267
14
26
1472
18
600
45917
20
584
105141
42
55
1421
46
58
2537
53
74
2001
67
83
1502
79
84
760
92
107
1913
96
121
5178
102
115
2400
104
479
49365
105
515
64334
119
122
422
121
125
1013
167
179
1449
168
490
72929
191
195
400
213
224
1903
231
248
4027
236
246
2343
252
272
4982
282
288
908
283
302
5243
292
298
651
304
318
1637
321
515
38865
324
349
5885
330
342
3192
330
550
41026
336
339
465
340
356
1434
358
375
3031
368
372
572
374
389
3856
378
586
31586
381
385
964
386
394
2305
387
403
2317
402
414
2313
414
425
1896
432
448
2249
440
454
2327
450
460
2070
467
470
779
472
496
1453
493
502
784
500
513
3192
516
533
2511
525
540
2975
530
537
779
535
549
1614
561
569
1736
561
570
1025
565
580
2621
573
591
3330
573
600
3073
574
579
906
590
593
652
