0
97
19831
3
98
6808
4
13
2490
7
22
1587
10
17
1676
10
24
3832
10
64
9786
11
27
3408
14
18
987
14
86
10409
15
32
3158
16
32
2547
18
40
2753
20
33
2212
23
30
1677
27
49
4663
32
38
1494
32
51
5270
38
50
1770
38
52
1429
41
54
1350
41
54
1890
43
60
2053
43
64
3006
46
54
717
48
71
3179
50
67
1299
53
72
2124
54
76
5105
55
73
2009
55
74
2366
56
63
1048
57
60
874
65
73
473
66
86
1882
68
79
1107
69
84
3375
72
96
2854
73
94
4627
77
82
806
80
87
1289
80
88
1566
80
100
3265
81
90
975
81
94
1834
81
99
2108
86
111
2019
90
96
473
91
95
997
93
101
1275
94
108
1288
95
99
736
95
103
1147
96
114
2117
98
109
1640
99
112
1870
105
108
1014
109
114
747
