0
8
1674
0
23
3986
0
60
4631
1
71
10366
3
70
16875
5
22
3809
6
12
658
6
30
5385
6
48
4069
6
61
4568
7
19
3082
8
50
3319
8
59
8694
9
33
2858
13
35
2417
14
21
1405
15
35
5064
15
62
4935
15
69
5188
18
36
4058
18
38
2221
20
37
1417
21
33
2375
23
28
433
23
37
1172
24
33
688
27
30
851
28
46
3558
31
48
1234
32
44
3104
37
47
2313
37
52
846
37
53
2908
38
46
1471
38
50
1708
38
53
3104
40
43
410
41
59
1923
42
43
134
42
52
2033
43
49
575
44
49
1109
45
59
2412
46
55
2747
46
56
2037
46
56
1078
46
61
1818
47
50
257
50
67
1728
50
69
3151
52
69
1885
54
55
338
56
65
2246
58
67
1336
58
71
1155
61
62
300
64
66
249
