1
51
1
2
13
1
5
129
1
6
18
1
6
134
1
8
137
1
14
25
1
14
30
1
14
110
1
14
125
1
19
32
1
21
38
1
24
32
1
28
47
1
30
44
1
38
48
1
38
62
1
45
52
1
45
55
1
45
62
1
45
100
1
48
53
1
50
66
1
52
73
1
61
77
1
64
85
1
67
81
1
67
83
1
67
83
1
69
81
1
69
92
1
70
83
1
77
98
1
78
92
1
78
96
1
79
94
1
79
98
1
82
97
1
84
92
1
84
96
1
93
120
1
98
112
1
101
112
1
101
114
1
101
117
1
103
123
1
107
115
1
107
133
1
112
123
1
115
124
1
119
136
1
120
129
1
124
137
1
124
145
1
127
135
1
129
147
1
130
141
1
140
144
1
145
147
1
