0
10
1522
3
17
1318
4
78
17335
5
18
3779
5
87
10432
8
23
1868
11
21
1511
12
28
3162
12
88
10239
13
23
1402
13
36
3796
14
24
1571
15
24
2101
15
29
2041
17
41
6570
19
36
3795
22
27
520
23
33
1591
27
44
2427
29
42
2125
32
43
1340
32
47
1508
33
42
949
33
44
2204
34
44
721
35
44
1534
35
46
2490
37
50
3043
39
52
1603
40
44
477
40
53
3086
41
52
1934
44
75
2422
45
50
752
48
53
610
49
54
1383
49
62
1691
52
69
2804
57
67
623
58
64
634
58
71
1851
60
75
2517
60
75
4376
61
71
1379
61
83
3347
62
76
1917
64
68
1261
69
86
1808
71
84
3264
71
93
3381
74
91
2483
75
90
1647
78
90
1797
79
87
1972
83
87
467
86
91
1371
