0
1
259
0
11
1647
3
54
4390
4
13
670
5
7
558
5
12
1295
5
15
1500
5
22
2567
5
25
2232
6
21
2946
8
12
702
10
20
2325
10
28
3334
11
27
2573
11
31
3292
13
24
1836
14
27
2227
15
21
1031
15
36
2963
16
18
505
16
26
1689
17
26
1621
17
28
2557
17
36
2918
18
22
552
19
26
2385
19
38
3225
20
46
2942
21
26
1382
21
31
1295
21
36
2516
22
23
349
22
27
548
22
31
1097
22
35
1532
23
37
2831
24
31
1075
24
35
2121
26
29
829
27
40
3415
28
31
597
29
45
2463
32
43
3420
32
44
1082
35
53
1965
36
51
2564
36
51
1441
37
45
530
37
51
1496
38
48
2050
39
44
961
39
46
1579
40
54
3999
43
54
1133
49
53
681
