6
24
3967
10
209
16580
22
27
872
22
30
665
28
47
1990
29
49
3146
34
44
1364
66
91
1759
83
234
16956
84
107
4459
85
95
2579
95
114
3844
98
101
795
100
109
1224
109
117
1185
115
122
1117
127
145
2043
131
152
4734
136
306
33662
139
145
1699
148
158
1302
169
177
1460
196
205
971
225
242
1545
232
251
2186
265
275
2359
290
291
225
306
325
3953
309
330
4218
326
345
4820
333
350
1662
334
387
4714
340
353
1747
345
356
2434
346
370
2764
352
367
3498
359
363
492
364
376
2122
368
374
709
385
389
1236
388
402
2844
