2
18
4847
3
5
377
6
21
2231
8
18
774
10
31
3337
10
34
3328
14
18
430
16
25
1553
17
31
3997
17
31
3299
17
41
4270
17
68
6956
18
32
1677
19
20
322
19
30
3268
20
21
116
20
53
6155
21
34
2585
22
24
537
23
46
3623
24
34
750
24
41
2709
25
42
3367
29
30
281
29
35
1701
29
58
2834
32
34
558
32
39
1012
33
43
1376
35
42
1391
35
47
1547
36
48
1658
38
49
801
39
50
1252
40
52
1496
41
44
567
41
52
1307
41
60
5381
42
50
800
43
58
2284
45
51
701
45
55
1493
46
68
4320
51
66
1862
53
66
2678
55
56
220
57
64
1457
57
65
788
