4
20
1
39
517
1
39
589
1
43
51
1
49
68
1
49
429
1
57
75
1
61
82
1
62
82
1
72
92
1
73
623
1
83
101
1
86
93
1
88
99
1
90
112
1
91
117
1
108
124
1
122
138
1
137
155
1
154
163
1
157
194
1
159
175
1
162
166
1
195
197
1
196
213
1
203
212
1
239
242
1
253
263
1
268
379
1
269
270
1
270
289
1
271
280
1
312
320
1
320
333
1
336
341
1
349
357
1
360
362
1
367
384
1
369
375
1
376
386
1
400
406
1
402
407
1
406
420
1
408
436
1
426
435
1
434
535
1
435
456
1
436
446
1
456
469
1
480
500
1
500
523
1
515
527
1
516
530
1
518
522
1
519
529
1
524
609
1
535
545
1
552
562
1
566
581
1
581
593
1
602
620
1
603
626
1
611
629
1
616
627
1
