0
20
4915
2
56
12002
3
16
1669
3
20
5067
4
20
1785
4
59
6520
6
16
2048
8
18
750
9
15
709
9
22
1795
9
57
10263
10
31
5372
11
25
2538
11
25
2131
12
33
2114
13
30
3292
16
38
2756
17
21
436
18
22
612
19
34
1269
19
40
3983
19
46
4200
20
27
1526
20
34
2850
20
36
3566
21
30
1658
21
39
3248
24
34
1308
25
38
1701
25
40
1328
27
36
1210
27
44
1243
28
39
924
28
41
1108
28
47
1166
29
34
937
30
34
399
30
40
2504
30
46
2692
31
46
2814
33
40
818
35
46
1965
40
47
886
42
49
1820
43
46
321
46
54
1725
46
61
2719
49
58
2514
55
60
1039
55
62
808
