3
19
2626
5
15
1030
6
23
3880
11
21
2141
17
31
2798
18
25
1337
18
26
1275
18
174
20975
19
188
17989
24
42
3510
33
52
1993
37
54
1669
40
49
1206
40
50
1458
41
64
3273
49
58
1834
50
66
3511
58
70
1788
59
70
1210
63
74
2916
68
78
1393
68
84
2429
69
70
155
69
86
1973
70
85
1900
72
78
869
80
91
1317
82
102
1833
88
111
2251
89
105
1889
94
102
1647
99
121
5963
107
124
2246
108
116
1255
108
116
1579
109
130
4204
131
138
1067
156
175
4304
159
173
2683
162
175
3305
163
189
3339
178
190
1483
181
199
2445
185
209
4828
190
201
2326
197
206
1081
205
210
1508
211
230
1888
224
245
2703
224
248
2770
234
252
3937
238
241
654
256
263
1538
