0
177
39059
1
132
14037
2
13
1631
4
27
2867
10
152
30899
11
33
2282
17
26
2594
17
136
30181
18
31
2046
18
38
5287
18
56
8915
26
39
1659
26
46
4816
31
36
638
31
49
1890
36
48
3072
37
48
1780
39
51
1581
50
59
2034
51
62
2102
52
64
1911
53
171
12335
54
65
2649
56
60
1117
56
88
4810
57
67
1442
63
70
1304
68
85
1526
69
83
3231
76
87
1354
78
81
421
80
90
1209
81
93
1042
90
94
681
91
96
996
94
109
1800
97
105
2264
98
115
3162
105
131
6109
108
114
855
114
128
3169
115
125
1222
116
123
595
132
144
3478
133
142
2348
138
155
3792
141
162
1698
143
164
1651
144
152
1374
145
161
1964
150
164
2322
151
168
3120
159
174
3923
163
173
1544
172
182
1118
