0
6
1526
0
18
2404
0
85
15895
0
123
12611
2
7
380
3
9
1818
3
106
10983
5
112
11880
6
7
507
6
16
1411
7
100
11073
8
27
4240
9
70
6238
10
23
2757
12
26
2124
13
29
1363
16
108
8832
26
30
468
28
40
1229
28
45
1965
35
45
1250
35
52
1855
36
38
469
39
53
1889
42
55
1484
42
64
3201
45
64
3268
49
70
1437
52
73
3140
61
76
2738
62
77
2240
64
80
1929
66
78
1638
70
77
762
70
81
1300
72
85
1469
73
81
1850
73
95
3566
82
89
996
85
87
455
85
89
391
94
117
2776
95
101
886
95
113
1674
96
113
1989
105
126
4724
110
126
3320
110
129
4576
111
119
1948
111
122
2058
115
126
1741
116
136
2496
118
131
1310
120
129
565
122
128
788
