2
6
484
4
122
10380
5
17
2038
6
14
1118
7
30
5308
10
14
552
10
26
2328
12
27
1062
14
22
1903
14
95
5082
15
23
1372
23
38
1379
25
123
5951
28
38
1761
31
40
917
31
40
1566
31
46
2307
33
42
2105
34
60
6706
37
52
2732
37
55
2066
40
48
2454
40
61
2160
46
61
2099
47
59
2353
49
63
2227
49
108
10129
54
55
200
54
74
4407
57
67
1382
58
75
2472
58
81
2797
62
66
875
63
75
1024
63
99
4144
65
71
1125
68
101
8679
69
80
2357
70
72
383
71
82
2543
73
96
3703
74
90
1692
78
101
4828
80
93
1823
82
103
1688
83
95
1757
83
97
1114
84
93
2388
86
99
3299
86
103
2316
88
98
902
89
109
3079
92
105
2893
93
118
5910
95
106
1967
98
101
499
99
118
3282
101
113
2136
102
120
1527
105
113
1059
108
110
362
119
122
609
