3
23
3967
6
27
3987
7
59
6452
7
172
41259
8
120
7765
12
23
1203
18
33
1788
23
36
1148
29
37
652
33
34
145
38
55
1578
40
145
8910
46
65
1522
47
62
1612
47
171
16148
59
70
2575
60
71
916
60
75
2682
60
166
11164
71
89
3213
72
85
1669
72
86
4393
72
143
15092
74
82
1712
77
85
1216
82
91
819
85
95
2879
89
111
2254
89
111
2185
89
169
10562
91
96
516
91
101
2455
93
103
943
102
121
2996
104
114
1367
108
129
1955
110
133
3765
111
122
908
111
131
1981
116
136
1648
127
139
3432
130
144
2019
130
145
1832
132
139
2167
133
145
1359
137
148
1822
145
164
3605
148
152
382
148
155
1532
151
164
1281
152
168
3838
159
168
721
