1
7
1481
1
13
1636
1
13
1699
2
27
3959
3
13
1700
6
25
2110
8
18
1445
10
19
966
10
54
3056
12
15
892
12
36
3238
13
46
8303
15
23
1225
16
27
3250
17
28
1089
17
33
3149
17
42
4232
20
32
1481
20
41
2451
20
43
2459
21
25
765
21
38
1856
21
42
3851
23
27
881
26
32
865
27
37
1842
27
41
2949
28
47
3747
29
30
383
29
38
2141
30
35
725
30
39
1113
30
47
3414
32
39
1400
32
44
836
32
51
4614
32
51
2384
32
53
2641
33
42
2023
35
42
976
35
45
1602
35
49
2884
37
49
1622
37
56
4353
39
47
1197
40
48
1093
41
57
1406
41
58
2322
42
50
1310
42
61
5406
43
53
2548
43
61
3341
43
62
3207
45
57
1387
50
54
559
50
58
1221
