0
25
4887
1
296
66825
3
248
33128
12
26
1607
20
206
15184
28
55
2203
33
42
1108
33
53
1815
34
229
20535
35
58
2870
38
49
1951
39
44
949
42
43
417
46
229
22183
50
63
1456
51
67
1870
55
65
2644
56
71
1977
72
95
6947
88
104
2137
96
102
1956
100
108
831
101
118
2267
113
124
1393
117
144
5402
118
127
1562
147
149
281
147
171
2391
152
162
1460
157
185
4076
165
188
2055
169
177
1150
175
195
4015
181
188
1646
181
190
869
184
196
1549
185
200
1596
187
291
11754
191
200
2098
196
209
1842
198
212
1238
199
208
975
203
295
17592
210
217
2234
224
241
2378
227
236
848
227
254
1506
230
232
614
232
246
1936
241
253
1306
250
263
2018
253
270
1917
253
270
4137
255
272
1739
257
267
2066
265
282
2886
270
277
1787
277
280
950
281
290
1343
284
292
1302
