1
10
953
1
142
27155
2
18
2020
4
18
3343
8
16
2131
9
12
534
9
19
1215
9
30
2325
10
25
2076
10
28
1793
11
22
2614
14
20
1268
16
32
2829
16
117
10980
17
130
20502
19
25
1698
21
103
6910
25
28
571
26
38
2912
30
50
3430
35
42
500
43
84
5559
47
51
522
55
74
2713
55
137
6532
57
68
1197
57
126
9875
59
72
1647
60
81
3177
61
67
1068
64
80
1444
67
79
3258
69
79
2405
73
83
724
82
95
2899
82
103
2364
84
98
3275
89
102
1675
92
105
1698
93
95
427
93
107
2938
94
98
1089
95
101
1554
95
103
1291
95
104
1873
95
114
2457
100
109
1814
100
119
4737
101
123
3876
104
122
1894
106
125
1936
107
113
529
116
128
3085
118
137
2129
124
137
953
129
131
790
131
142
1182
