8
467
46462
13
32
3611
16
29
2707
24
37
3433
51
70
4404
53
504
28044
59
72
934
73
86
3297
75
80
691
91
98
885
96
105
1020
124
137
1547
139
148
692
140
144
686
141
162
2307
150
172
5035
157
172
1306
163
175
1871
181
190
1105
184
190
1251
190
203
2331
192
194
470
197
207
2555
202
219
3080
202
229
4356
234
240
863
243
252
1310
243
263
5533
261
267
1279
264
282
2192
288
432
15761
293
298
1335
310
331
1919
334
338
589
334
348
1556
348
353
397
370
381
1555
379
387
1623
390
395
537
400
418
2908
418
433
1586
426
440
1167
429
434
498
430
438
1759
444
462
1692
474
499
1614
478
485
1627
482
483
178
490
503
2855
493
501
1231
503
509
1118
