11
19
1860
31
305
31452
32
243
29113
44
56
1969
61
64
942
74
97
2672
86
93
1451
94
471
91064
117
122
453
127
446
69730
137
156
1697
141
146
1360
159
185
3671
164
172
962
166
182
4309
186
278
12990
194
210
3109
200
210
1360
203
212
1784
204
223
1555
211
220
1380
221
241
2101
227
233
732
248
255
795
251
271
2721
258
276
4331
268
282
1513
270
358
8742
314
321
1881
320
325
875
335
342
1209
336
350
1700
343
363
1537
344
349
1589
350
361
1402
354
371
4162
389
416
5912
394
405
1451
404
409
1253
405
412
1046
412
428
2755
428
453
3879
429
437
1380
433
434
246
436
445
935
444
449
669
451
475
4289
459
472
1432
460
488
6799
499
513
3497
500
510
1308
504
512
879
