5
19
1940
7
15
1127
12
18
920
14
26
1569
26
40
1647
46
51
679
51
70
3822
67
85
2288
78
101
2862
99
106
785
101
370
45793
114
132
1937
119
128
2324
145
157
2336
148
150
324
153
260
13672
175
184
1024
178
182
736
182
593
55572
185
201
1894
186
196
2196
194
206
1260
194
212
1856
197
201
996
197
567
76035
211
218
566
224
229
879
228
241
3115
230
235
1131
231
239
1716
232
237
1083
239
242
428
240
249
1122
259
266
734
269
280
1229
270
285
2144
270
297
2815
286
304
2637
292
297
813
294
317
2819
313
315
381
319
330
1846
319
331
1372
326
341
2539
327
339
1821
352
367
1592
367
376
2406
369
382
2963
380
387
1328
402
410
807
407
408
468
418
421
402
451
460
2149
459
467
1114
461
467
943
463
469
994
491
511
1934
516
533
3675
526
547
5151
549
567
3900
