1
9
1366
2
4
748
3
21
3284
3
28
6961
3
49
6319
6
22
1586
9
19
1295
9
27
3541
10
16
1277
10
20
1177
10
25
2510
10
47
10747
12
23
1541
12
25
1937
13
26
1057
13
26
2097
13
31
4795
14
21
1529
14
22
1077
14
26
1754
15
16
234
15
25
1067
15
30
922
16
22
1077
16
28
1461
18
28
1551
18
42
2933
19
38
3392
20
39
2751
22
28
957
23
41
2683
24
33
2227
24
41
2152
26
46
2960
27
30
1029
28
35
1198
29
49
4365
30
44
1589
30
47
2840
32
45
3138
33
43
772
33
48
2528
34
48
2142
36
41
610
37
44
788
39
48
1182
40
49
901
42
47
883
43
48
800
43
49
801
