3
6
414
4
9
786
5
128
23890
9
14
1342
11
19
962
12
23
887
16
36
4566
17
43
2495
19
109
16002
20
129
7980
26
31
1280
28
35
1467
30
41
1613
30
43
1513
30
47
2320
30
48
1418
32
49
5104
39
45
1408
39
47
1213
43
122
17736
44
54
1532
46
61
2424
46
65
1830
47
49
531
47
64
3155
47
67
1757
50
51
504
50
74
1880
51
66
3031
52
57
1225
58
65
1168
59
66
1330
64
88
1620
72
84
1260
81
88
1550
81
96
1554
81
104
6536
82
95
1266
86
103
3634
87
108
4520
88
94
848
88
96
1446
89
99
1365
89
105
1336
91
113
4233
95
114
2721
96
104
688
108
116
1091
111
117
727
112
117
1543
113
120
1171
114
115
499
116
120
816
