0
20
1
4
17
1
11
17
1
15
25
1
23
26
1
27
30
1
30
38
1
30
41
1
30
46
1
32
38
1
33
43
1
40
46
1
41
182
1
50
61
1
51
61
1
51
63
1
53
69
1
58
72
1
63
86
1
64
68
1
64
86
1
65
82
1
65
147
1
69
87
1
70
89
1
75
79
1
75
95
1
76
90
1
81
97
1
98
105
1
100
106
1
101
123
1
104
123
1
108
123
1
108
156
1
109
130
1
111
115
1
117
178
1
119
138
1
120
122
1
120
145
1
124
134
1
125
145
1
126
147
1
136
145
1
136
157
1
137
153
1
138
157
1
139
159
1
140
151
1
147
150
1
147
166
1
155
178
1
158
170
1
166
186
1
169
186
1
