1
15
2023
1
132
19838
2
146
18059
5
15
1313
5
117
13815
8
46
6995
9
115
18726
10
29
2903
14
26
1356
15
22
1499
19
32
3512
19
39
2481
21
70
13379
22
29
1694
22
50
4030
26
46
4270
28
42
2363
30
31
194
36
38
694
38
51
1578
38
55
2939
41
55
3328
41
112
9037
45
54
1084
50
59
840
50
62
1168
51
63
2391
53
63
2323
57
73
1881
58
64
659
62
73
1143
63
71
772
68
82
2421
71
91
3554
76
89
2085
83
99
2145
86
112
6559
88
90
170
88
101
1936
93
101
839
93
104
1756
96
110
2642
100
109
1616
105
111
897
107
120
2547
111
122
1745
112
120
1952
114
120
796
116
129
3421
116
133
3616
117
124
1534
118
130
1309
120
132
1192
125
131
1399
125
134
614
126
140
2441
130
133
724
130
146
3695
131
141
1680
