0
84
9483
1
11
1331
3
81
12888
4
24
1299
7
18
1262
8
31
1865
9
19
1347
9
23
2705
10
12
447
11
27
2814
11
33
2882
13
32
4473
14
23
1805
14
33
2369
15
33
3866
17
29
1952
17
29
891
18
25
979
18
28
3144
18
37
3882
19
36
3798
20
26
577
22
31
974
22
37
1869
23
27
549
26
39
2040
28
37
2105
31
46
1817
31
49
1540
32
46
3022
33
47
1863
34
57
5001
37
48
1375
40
52
1711
41
55
1456
42
53
1770
43
47
606
44
54
2152
46
52
1450
46
56
1849
47
53
704
48
61
2569
51
76
3100
52
72
3032
56
74
3687
56
74
2754
58
62
615
60
67
1602
60
76
3577
61
76
2318
64
73
2728
65
83
3672
66
80
1617
67
76
1430
67
77
1054
67
80
3218
71
78
567
71
78
1330
72
83
3152
74
82
1561
