1
17
1737
1
220
50173
8
23
2399
13
25
1771
14
307
24483
16
30
2710
29
39
1075
38
332
24084
40
146
15002
45
121
10348
86
98
884
87
96
2042
90
118
2694
93
116
2569
101
110
1000
102
212
9670
113
127
2404
128
133
485
131
140
1441
131
329
29928
134
148
1500
139
143
469
144
164
3029
151
170
2066
161
170
2043
162
176
2099
166
183
1471
181
193
991
189
210
2325
190
196
1179
195
211
1630
201
210
1401
219
233
1922
227
234
830
246
252
864
252
269
3215
266
271
1008
272
275
409
284
301
3137
285
297
1821
290
303
2066
347
356
645
408
426
1998
