7
13
1
19
31
1
21
36
1
30
198
1
46
145
1
47
54
1
49
65
1
121
265
1
130
146
1
135
143
1
151
165
1
158
164
1
160
164
1
165
453
1
177
189
1
188
189
1
190
216
1
205
516
1
209
219
1
221
242
1
236
254
1
240
246
1
240
252
1
244
265
1
247
264
1
249
266
1
253
264
1
259
264
1
272
282
1
272
289
1
281
292
1
290
309
1
293
297
1
304
311
1
311
314
1
321
428
1
323
338
1
366
379
1
378
391
1
380
393
1
396
405
1
400
410
1
412
427
1
418
441
1
431
442
1
436
452
1
447
462
1
448
462
1
455
476
1
471
492
1
503
515
1
514
521
1
525
529
1
