0
22
3618
0
42
9394
1
20
1857
1
23
3357
2
18
1817
2
25
2450
3
4
236
3
18
3525
3
19
2009
3
20
2098
3
33
4950
3
56
8591
4
18
2120
4
61
7966
7
11
1085
7
26
3466
8
15
729
9
14
540
9
44
2869
9
61
7269
10
22
1621
11
16
451
13
24
1403
13
27
1601
13
35
4751
13
61
7786
14
29
1477
15
44
5087
16
19
736
17
26
1874
17
33
2133
18
25
828
20
28
940
20
36
3692
22
36
3197
22
36
3882
23
44
4632
27
46
2442
28
37
1257
29
38
1563
29
43
2240
29
53
2475
32
50
1675
39
46
2167
43
57
811
45
54
2765
48
58
2880
51
56
343
54
56
486
