2
12
1954
2
39
6647
5
107
17002
12
14
675
15
26
1101
16
32
2699
17
25
910
18
21
638
19
24
845
19
36
3840
20
116
13363
21
27
1211
22
41
2803
23
37
1496
25
34
673
26
33
1347
28
42
1133
28
84
7968
31
39
2032
34
115
14413
35
39
739
38
51
1500
38
72
3357
38
110
9346
39
53
2204
41
55
2856
43
56
3110
43
63
3579
45
64
3603
47
49
228
48
59
1798
49
55
760
50
63
1599
51
75
4684
56
75
4450
57
67
850
57
111
11466
58
69
1277
58
79
1838
61
69
1801
66
92
3180
67
69
331
71
79
1789
72
97
5848
76
82
1094
80
90
2853
80
91
1576
82
86
789
82
97
1748
86
92
1020
91
104
2669
93
116
3000
94
104
1943
94
105
1437
94
110
3196
95
105
779
96
112
3265
98
108
1396
103
113
1356
105
115
1397
