0
14
2617
1
9
969
1
13
997
1
15
3074
2
8
783
6
19
2529
9
26
2533
12
31
1482
14
37
3800
15
29
2616
20
30
1469
20
31
2719
22
114
24653
23
24
165
23
33
881
23
41
1816
27
48
6135
32
47
3186
34
85
11831
36
49
2015
40
51
1402
41
60
4106
43
50
1430
44
49
908
54
61
738
55
60
450
55
64
1518
57
76
2169
62
72
1020
67
78
1370
71
74
949
72
84
2617
73
78
374
76
93
4017
77
94
2397
81
137
6816
84
111
4756
87
98
1659
88
105
2372
91
127
4703
93
100
1584
93
103
926
93
106
2709
99
109
1842
100
107
1059
104
111
836
105
118
2233
108
121
1824
115
136
4866
116
141
5857
120
124
1096
120
131
681
123
135
2379
124
136
1221
124
137
1486
125
129
1266
127
139
1507
128
147
5168
131
141
867
138
146
2292
140
146
1109
149
152
436
150
154
713
