0
3
500
0
22
2935
1
3
478
1
4
575
1
19
4769
2
9
619
3
9
1209
3
45
9736
4
17
1294
5
25
2215
5
27
5187
6
12
1523
6
19
1846
7
13
1032
8
16
2011
8
32
2552
9
16
560
10
23
1977
10
55
8733
11
23
1601
11
24
1620
11
48
7236
12
23
1082
12
23
1206
12
43
4624
13
25
3020
13
55
4991
14
31
1853
14
35
1825
17
25
1564
17
35
1981
19
25
1357
20
28
2002
21
22
518
21
26
997
22
35
2329
22
44
2025
22
56
3465
23
41
3478
24
32
1706
27
37
2540
28
30
508
28
46
1553
29
44
2279
31
37
1452
31
44
1611
32
43
3315
32
46
1600
33
34
172
33
45
1714
33
50
1977
34
41
1155
39
53
1283
43
55
950
48
52
1071
48
54
539
48
57
914
53
56
738
