0
11
848
0
15
3190
1
9
1118
1
18
1326
2
13
2219
3
16
1567
5
60
9319
5
67
6048
6
66
11729
7
22
3806
8
25
4863
10
20
1871
10
22
1172
10
61
7885
11
12
394
12
17
644
12
24
3217
12
26
2440
12
28
3480
14
24
1554
15
20
1293
17
25
1674
18
25
851
19
21
347
20
22
584
20
31
802
20
32
2107
20
64
8055
23
45
1658
23
47
2624
24
42
2392
26
47
3532
28
42
2440
29
46
1749
29
50
4591
30
47
4735
30
57
5292
32
50
3045
34
51
2472
34
51
4127
35
48
1224
35
61
3041
42
50
788
46
58
1413
49
57
1061
49
61
2106
52
66
1105
53
65
1200
53
66
1167
54
61
773
54
66
1865
55
56
353
56
67
1171
63
64
210
