2
209
32687
6
22
1068
6
118
27517
9
29
2464
11
24
1869
23
30
1160
24
41
3398
28
43
3033
30
127
11304
33
44
1050
36
60
3290
37
59
2148
48
57
2378
57
73
2300
58
76
3132
64
73
612
72
94
2072
73
80
934
79
90
1095
89
101
1380
97
106
1140
98
118
1327
110
119
1701
115
120
761
119
137
4579
127
136
1490
132
139
1937
137
146
1750
139
156
2835
143
152
939
151
171
3248
152
168
2103
157
170
2064
165
177
1851
167
176
2720
167
183
2289
170
181
2341
183
194
1881
184
190
1321
192
201
1569
192
201
1188
193
209
3669
