7
18
2184
26
44
2963
35
409
51028
56
59
898
71
79
761
73
263
21896
79
80
458
81
100
4683
82
97
3860
86
107
4969
102
110
2240
110
126
2830
114
118
802
114
138
2672
116
121
902
121
253
20099
123
139
2205
165
411
32649
166
177
2574
175
182
785
185
197
2290
201
221
3883
208
218
1649
229
247
2033
255
275
2280
256
261
1055
260
278
3930
274
283
779
289
300
3292
294
307
1410
295
314
2111
297
312
1177
315
330
4601
318
326
1812
328
348
2371
331
345
2163
344
363
4219
346
355
1826
356
368
2335
375
399
1524
379
395
3027
384
391
1437
