0
8
1
5
28
1
6
15
1
9
10
1
14
28
1
18
19
1
19
36
1
22
30
1
26
39
1
32
41
1
33
52
1
36
48
1
39
43
1
39
49
1
47
57
1
47
66
1
49
63
1
50
56
1
51
53
1
52
60
1
56
126
1
57
61
1
60
65
1
60
71
1
62
74
1
66
98
1
68
77
1
69
75
1
72
84
1
73
80
1
73
87
1
80
134
1
81
93
1
87
103
1
89
103
1
89
103
1
91
101
1
94
106
1
95
106
1
101
120
1
103
107
1
105
118
1
106
125
1
108
122
1
112
119
1
112
131
1
114
132
1
115
131
1
115
136
1
117
122
1
117
125
1
119
135
1
121
131
1
121
142
1
122
139
1
127
148
1
131
138
1
136
142
1
139
150
1
140
158
1
144
147
1
144
157
1
148
155
1
155
156
1
