1
5
648
1
11
1294
2
9
1030
2
11
2053
3
25
2637
4
29
5771
5
24
4190
6
20
3511
7
27
2662
8
15
827
8
19
1310
9
15
1899
11
23
2436
12
22
1052
12
30
4213
13
15
451
15
25
1531
15
38
2791
18
23
1096
18
85
13684
19
38
3716
23
34
1184
23
54
6431
25
30
1024
26
43
4272
27
41
2439
30
34
471
30
54
2602
32
53
4897
32
84
5214
38
44
965
42
49
1858
43
53
2383
44
48
598
44
55
1622
46
51
624
47
69
2632
48
51
1082
48
56
2565
48
78
2941
50
57
1210
50
58
704
50
61
1141
52
58
1093
52
78
3752
53
63
1969
55
70
3929
58
71
1965
59
73
2436
59
75
4584
59
78
3746
60
65
859
63
72
1385
65
70
856
65
79
3645
71
81
732
72
82
1002
74
83
930
76
82
1825
79
83
737
80
84
591
