0
69
8448
1
17
2040
2
24
2874
3
23
3582
3
65
5923
5
8
331
5
21
3695
7
23
3750
7
71
6756
9
19
1815
10
20
2057
11
28
1991
11
69
8962
12
18
1381
13
36
3695
16
37
1132
17
31
3026
20
31
1688
21
70
11015
23
39
2139
23
41
3656
26
39
2313
26
51
5192
28
39
2711
28
40
942
29
37
1140
34
53
3385
36
48
2233
36
48
823
37
46
1656
40
44
766
40
48
2181
40
53
2773
40
59
2048
41
45
526
41
67
7230
43
48
568
44
56
950
47
51
572
47
61
3365
49
65
1920
51
70
2665
53
66
1369
54
68
2641
55
69
1961
59
64
542
60
67
810
63
66
544
63
67
867
66
71
711
67
71
1292
