0
18
2964
1
10
886
2
98
8646
4
9
451
6
15
2633
10
27
1870
11
27
1911
11
87
14634
12
44
6009
12
53
7661
14
33
4923
16
35
3755
18
23
929
18
32
989
27
34
1016
28
40
1792
28
44
2334
29
41
1181
31
43
1203
32
38
1242
34
48
3598
34
51
2000
37
47
1036
37
49
1331
37
65
3588
38
49
1954
40
55
1785
41
49
557
41
63
2765
41
64
4130
43
60
3577
44
57
2645
45
54
1069
46
59
1381
49
54
789
49
69
3282
53
62
1190
53
73
1920
54
62
1473
54
69
1539
56
74
4856
56
78
4449
56
81
3732
58
69
2348
58
97
4924
60
66
1057
63
71
2317
65
78
1747
67
73
809
67
80
2453
67
82
2339
74
87
1612
75
78
419
75
83
1088
85
95
1181
87
93
913
88
98
1707
89
93
1129
89
96
585
