2
12
2852
2
80
9038
3
19
1681
3
22
2478
5
9
716
5
19
1487
5
30
3189
6
15
1042
8
17
1240
13
20
2136
15
27
1572
15
40
6135
16
41
2180
17
38
2548
20
31
3353
20
47
2358
22
25
608
22
26
1203
22
26
1178
22
37
2662
23
42
5724
26
34
862
28
33
814
32
53
4656
34
43
1124
35
43
1332
36
50
2931
38
49
1819
42
47
798
42
55
1418
51
60
2313
53
67
2849
54
59
1203
55
68
2117
56
67
1877
58
71
976
60
65
530
60
80
4146
62
77
1186
63
68
824
64
70
716
64
76
3370
65
71
500
67
72
1069
68
74
1264
68
75
688
68
82
3711
70
76
910
72
83
1658
73
80
1363
