1
10
1
2
14
1
4
108
1
5
14
1
5
20
1
5
29
1
7
17
1
8
11
1
10
12
1
10
24
1
12
36
1
14
20
1
14
104
1
16
34
1
18
121
1
20
33
1
21
36
1
22
29
1
23
43
1
23
111
1
25
31
1
25
106
1
28
37
1
29
54
1
30
39
1
31
49
1
34
95
1
38
49
1
44
53
1
48
73
1
49
70
1
50
65
1
51
74
1
52
119
1
54
122
1
56
66
1
63
66
1
64
69
1
66
76
1
66
89
1
70
79
1
75
88
1
79
95
1
82
94
1
83
93
1
83
96
1
95
109
1
97
114
1
98
113
1
98
114
1
99
111
1
101
118
1
101
125
1
102
117
1
103
115
1
105
115
1
105
122
1
110
115
1
110
117
1
111
121
1
112
121
1
113
120
1
115
121
1
