0
6
1139
0
8
664
0
33
7752
1
20
1892
1
28
4895
2
58
14971
2
58
16604
3
18
1836
3
19
4351
3
21
2347
5
16
2313
5
19
1066
8
17
2001
8
25
1895
9
18
1389
9
55
6642
10
16
627
10
58
9913
11
28
2266
14
23
1683
14
32
3655
16
24
1444
16
27
1800
16
37
3267
18
34
2207
18
35
2065
19
25
1615
21
28
770
22
31
701
23
33
1381
24
52
6733
25
49
2649
26
37
1196
26
58
8179
28
38
1974
28
39
929
28
52
4548
28
53
3113
29
46
3481
30
57
3249
33
38
570
33
42
727
34
56
5375
38
45
1594
38
47
1076
38
51
1502
41
45
791
42
54
1585
43
53
2984
45
55
2820
45
55
2808
47
58
2651
47
58
2002
