4
439
68558
9
19
2397
15
370
28143
18
31
2486
25
45
3458
31
57
6261
57
62
754
76
89
3439
81
430
71285
112
113
271
114
129
4081
120
134
1836
122
139
5100
125
130
799
176
179
696
186
187
327
196
323
23045
206
226
1440
215
224
1212
219
234
2429
236
245
1578
242
259
2690
248
271
4899
256
259
493
258
266
1270
258
269
880
266
283
2280
281
285
486
281
289
1762
284
287
888
294
308
2184
297
304
695
316
327
1519
319
328
945
319
333
1390
322
334
1936
323
339
3384
343
365
3865
362
366
477
382
391
1106
383
394
1038
390
399
1567
401
421
2643
415
423
1765
