10
17
1013
11
23
1432
21
34
3190
33
54
2088
41
66
3292
47
56
1521
50
76
2491
53
65
3479
59
64
555
59
65
897
68
78
1406
71
214
31299
80
91
1182
85
103
1787
95
102
920
102
111
2123
102
113
2385
103
125
5930
103
149
3078
104
105
396
105
111
1585
110
127
2669
116
123
1238
124
133
2929
124
143
4869
137
147
1272
142
158
2338
143
153
1858
146
155
1056
146
161
2834
148
159
1603
148
172
4257
149
169
2718
149
170
2460
151
164
2570
152
153
368
157
177
2669
164
177
3684
172
183
1325
178
192
2623
190
212
6182
191
196
951
196
208
1629
197
207
1444
204
213
1994
