1
82
6628
4
11
860
4
12
1226
9
31
1463
10
18
1004
12
33
2157
16
22
678
17
26
1765
21
89
5579
24
32
2057
24
43
1900
28
43
1345
28
70
5131
29
44
2138
30
45
3548
33
53
4268
34
46
2040
35
54
3794
36
43
770
37
54
1944
37
59
6367
38
45
1274
39
47
2107
39
54
2420
41
52
1486
44
47
831
45
50
928
45
54
2506
45
59
2196
45
60
1641
46
59
2062
46
64
1483
46
69
3254
47
57
1409
51
81
4133
52
76
4732
54
68
1383
55
67
1647
57
61
423
58
74
3368
58
74
3166
62
76
1317
66
82
1779
69
86
1494
75
83
797
79
94
3257
80
88
953
83
93
962
83
96
2897
88
94
519
