1
42
1
1
104
1
2
12
1
4
7
1
5
22
1
5
134
1
6
14
1
7
13
1
7
137
1
9
25
1
9
25
1
10
29
1
17
23
1
21
89
1
22
39
1
24
43
1
26
27
1
30
31
1
31
40
1
31
42
1
31
44
1
33
42
1
34
53
1
36
45
1
36
49
1
44
73
1
48
58
1
53
69
1
61
86
1
64
86
1
66
73
1
69
81
1
70
71
1
71
85
1
81
95
1
82
95
1
82
102
1
83
98
1
83
99
1
84
99
1
86
101
1
90
95
1
90
95
1
93
100
1
99
121
1
102
112
1
106
132
1
113
126
1
117
131
1
118
138
1
121
146
1
122
125
1
123
134
1
124
136
1
125
126
1
125
139
1
126
141
1
129
134
1
137
144
1
139
147
1
