0
8
1222
5
28
3276
6
15
2147
9
10
190
14
28
1144
18
19
449
19
36
4082
22
30
856
26
39
1823
32
41
1401
33
52
1409
36
48
1925
39
43
717
39
49
1735
47
57
2284
47
66
4431
49
63
2540
50
56
1515
51
53
294
52
60
1920
56
126
9155
57
61
953
60
65
1215
60
71
1151
62
74
1445
66
98
3323
68
77
807
69
75
870
72
84
1222
73
80
1503
73
87
2155
80
134
9046
81
93
1424
87
103
1948
89
103
1424
89
103
3881
91
101
2338
94
106
1774
95
106
2311
101
120
1929
103
107
918
105
118
3405
106
125
3164
108
122
1693
112
119
1737
112
131
2527
114
132
5395
115
131
2336
115
136
5127
117
122
403
117
125
1092
119
135
2538
121
131
2561
121
142
1485
122
139
1771
127
148
3568
131
138
859
136
142
461
139
150
2646
140
158
2792
144
147
681
144
157
1766
148
155
1115
155
156
562
