0
520
1
15
460
1
16
34
1
21
26
1
31
34
1
35
44
1
41
48
1
45
49
1
52
67
1
53
59
1
57
454
1
58
456
1
58
517
1
73
85
1
98
298
1
99
109
1
99
114
1
99
119
1
100
111
1
100
411
1
102
118
1
120
143
1
133
141
1
137
153
1
146
158
1
147
160
1
147
163
1
154
165
1
167
510
1
186
205
1
194
219
1
224
236
1
244
255
1
265
286
1
269
314
1
275
281
1
275
286
1
309
315
1
324
334
1
329
490
1
377
390
1
378
390
1
378
398
1
393
395
1
422
440
1
445
450
1
448
457
1
459
475
1
467
477
1
479
489
1
479
497
1
482
488
1
509
523
1
