2
84
10557
3
13
2203
3
19
2681
4
14
1011
5
79
6630
5
94
11187
6
79
9032
7
20
2977
8
13
1389
9
25
2616
10
69
6976
12
24
2165
13
29
1995
13
35
2670
14
34
2116
18
27
1193
21
30
1105
24
30
1594
24
32
1694
25
46
4110
25
49
5245
27
30
420
27
36
1341
34
43
912
35
51
2008
35
70
8342
38
46
774
38
55
1330
39
85
6108
40
42
430
42
46
710
42
69
6217
49
75
7217
52
61
1395
54
59
463
55
65
1094
55
74
4781
56
64
1548
56
79
2647
57
65
1885
58
81
3018
60
78
3658
64
68
797
64
73
1636
64
74
922
68
79
1263
68
82
1444
69
79
1297
72
93
4292
73
78
500
76
87
1687
79
91
1537
81
84
441
81
90
1075
81
92
1189
83
89
687
83
93
1430
