4
6
549
4
73
18512
5
15
3084
7
23
3125
7
37
9017
11
17
898
11
18
1743
11
19
1593
12
30
1584
13
29
1438
15
39
4703
16
21
1381
16
30
3555
16
37
2560
18
29
1875
18
37
1806
19
29
2795
19
29
1863
19
30
1417
19
74
4750
20
41
2552
21
36
2997
22
29
1583
22
55
6457
23
49
4875
24
33
2235
25
47
5185
26
46
2913
27
43
2368
28
44
3502
29
50
1207
30
38
1299
30
39
723
30
43
811
34
49
2801
37
43
1557
37
52
4452
38
45
2158
38
47
1821
39
46
1815
40
52
1537
41
53
1868
42
50
1551
42
53
1479
46
64
3468
47
55
2324
47
59
1228
48
59
2541
49
55
701
49
62
2050
50
60
1295
51
60
816
51
64
1572
54
65
2921
56
68
2662
56
69
2215
58
72
2951
60
66
592
62
76
2526
65
76
1058
68
74
680
