11
22
1
18
29
1
19
40
1
20
42
1
20
492
1
25
37
1
25
442
1
42
54
1
52
57
1
64
117
1
74
92
1
86
106
1
87
109
1
89
98
1
93
102
1
97
101
1
105
116
1
117
129
1
119
131
1
146
154
1
163
179
1
171
178
1
173
631
1
184
208
1
194
507
1
233
245
1
242
257
1
258
265
1
260
339
1
262
540
1
294
310
1
307
633
1
314
327
1
321
344
1
332
340
1
342
346
1
344
362
1
353
369
1
357
363
1
362
385
1
386
408
1
402
409
1
403
419
1
419
436
1
424
432
1
435
454
1
454
469
1
510
520
1
516
525
1
518
532
1
521
528
1
538
614
1
539
546
1
558
578
1
566
571
1
574
590
1
577
630
1
582
598
1
589
605
1
610
622
1
613
619
1
617
625
1
619
628
1
619
630
1
