38
44
1
49
60
1
51
72
1
62
85
1
62
233
1
66
80
1
76
87
1
87
97
1
98
107
1
98
214
1
111
460
1
119
138
1
123
138
1
129
136
1
137
146
1
144
160
1
145
164
1
158
184
1
160
355
1
184
192
1
185
210
1
192
504
1
201
206
1
202
225
1
216
243
1
231
243
1
236
252
1
242
257
1
246
261
1
249
259
1
251
273
1
252
257
1
253
263
1
268
442
1
270
282
1
288
309
1
288
477
1
315
329
1
317
325
1
323
329
1
327
345
1
359
370
1
379
389
1
383
395
1
383
402
1
385
406
1
394
399
1
396
414
1
410
418
1
423
432
1
441
452
1
454
470
1
462
476
1
479
487
1
481
492
1
