0
2
558
0
20
1421
1
5
1174
1
23
4274
1
85
22097
2
24
1775
3
20
2203
3
25
3533
4
15
2042
4
26
2182
4
39
7825
4
44
5068
5
19
2530
5
65
9708
5
67
7113
8
19
1483
9
25
2158
11
21
2233
12
32
2371
13
22
2309
13
26
1854
13
41
2633
14
51
7104
17
44
2083
18
32
2527
21
27
976
21
54
3405
23
28
970
23
40
2910
25
69
9302
26
28
532
26
33
2071
26
35
2211
27
45
3194
27
66
5694
31
44
1475
31
49
1762
32
45
2831
32
58
4373
34
48
1410
35
48
2801
38
54
2187
39
45
1049
39
47
849
44
62
5422
48
65
4472
49
67
4525
52
70
2051
57
64
2337
58
66
1158
60
67
1543
60
80
2465
61
81
5928
62
66
650
62
69
978
63
67
497
65
82
1631
71
76
987
71
76
1027
73
82
1738
73
85
1751
