0
11
2439
0
111
27903
1
19
1624
4
11
703
5
96
8822
6
15
1523
11
18
1436
13
95
6881
13
102
18231
16
96
6284
17
31
1950
18
41
4509
18
42
5153
19
24
1087
22
32
1999
22
45
5197
27
32
727
29
37
1023
29
50
6233
31
55
4344
37
52
1575
38
58
2366
41
59
3052
43
60
3238
43
65
5784
44
47
962
44
50
778
44
113
14266
52
70
1962
54
77
2678
58
64
1386
59
76
4654
62
90
2758
63
78
1836
64
73
1524
64
86
5606
65
75
2407
66
93
2767
68
79
2335
69
73
701
71
80
1004
73
82
2522
76
113
8099
78
90
685
79
99
4091
82
105
1867
83
106
4336
84
86
321
87
95
786
87
97
1160
88
99
1991
88
106
1534
89
93
794
92
104
1283
94
112
3868
95
98
353
106
108
193
