1
7
1333
1
21
4501
3
8
1172
4
122
14547
4
150
17286
6
10
1408
6
12
966
8
23
1950
9
13
997
9
23
1543
11
22
2163
11
24
1706
11
26
1545
12
37
2643
14
16
206
14
23
1053
15
31
1867
22
37
963
27
35
1441
32
37
724
32
45
3038
35
150
10587
37
60
2400
46
58
1601
49
59
1382
49
62
1584
50
55
772
51
57
1729
52
59
1042
53
88
6864
57
85
2168
68
82
1894
70
75
1049
71
89
3082
74
85
3399
75
85
1027
78
81
954
82
87
1178
84
93
1694
84
100
4682
84
103
3131
98
109
1755
99
105
1099
109
121
1554
111
115
491
111
117
914
111
120
2444
113
128
2841
114
128
2441
116
132
1703
117
128
1844
117
130
3006
119
128
1167
126
137
1606
129
140
2228
129
147
5130
130
149
2319
133
141
2268
134
143
1355
135
139
1065
137
141
524
139
146
814
