0
17
1
1
6
1
2
22
1
3
11
1
3
13
1
4
266
1
6
16
1
6
251
1
7
18
1
9
286
1
15
17
1
31
52
1
34
53
1
37
51
1
39
283
1
54
61
1
60
63
1
64
73
1
64
82
1
70
225
1
72
82
1
78
85
1
85
100
1
86
94
1
91
109
1
92
98
1
108
114
1
109
129
1
111
122
1
116
129
1
122
129
1
130
142
1
134
151
1
135
274
1
145
164
1
159
171
1
162
178
1
167
172
1
167
186
1
174
180
1
175
188
1
176
178
1
185
196
1
193
206
1
194
216
1
199
207
1
200
202
1
205
210
1
213
222
1
214
235
1
222
229
1
225
242
1
227
237
1
243
269
1
267
281
1
268
282
1
271
276
1
271
284
1
280
294
1
