0
16
4650
2
15
1614
2
77
14909
8
27
4552
10
21
1574
11
30
2656
14
21
2151
15
37
2556
17
24
879
17
30
2131
17
66
10794
18
28
840
21
88
6016
25
41
1628
33
40
1139
34
45
1272
35
47
2972
37
49
846
38
45
1001
39
54
3576
40
52
2830
46
65
1458
48
56
1828
51
57
555
53
76
3827
54
67
1316
54
80
3606
56
62
1065
60
74
2798
60
79
2912
61
77
1562
64
89
3060
66
77
2314
69
82
1368
70
77
1551
71
82
1772
71
87
2122
73
88
2378
74
82
1657
76
96
2450
76
99
1976
79
90
1695
82
98
2108
83
92
1127
84
98
1388
85
95
1120
87
94
1875
87
98
3093
89
95
1205
89
101
3002
90
103
3009
92
105
2644
93
101
1315
