1
5
1075
8
19
2193
10
13
599
11
241
39787
12
21
1115
12
28
3385
26
165
27549
29
251
54622
30
33
536
31
52
3171
42
66
1837
42
187
32724
43
56
2038
55
68
3052
57
72
3038
61
69
1300
65
89
5668
66
75
1495
69
78
1940
78
270
42193
80
96
1054
93
119
3509
101
109
789
102
104
652
103
116
2210
105
297
48212
106
120
1314
113
125
1659
117
279
31771
121
122
444
131
290
23195
132
137
866
133
143
2539
134
145
1508
136
155
1514
139
148
875
140
159
2741
140
198
14054
156
203
9898
159
161
274
161
187
4256
189
204
1233
207
221
2594
212
226
2021
212
238
1575
213
225
1902
219
238
2909
226
245
2527
233
238
479
235
249
4221
244
256
1674
253
265
1120
255
263
1301
258
267
928
262
284
2936
275
276
289
275
286
2369
283
298
2343
284
292
1026
285
290
882
290
299
1855
