0
22
4001
0
41
9214
0
49
6116
1
19
1247
1
40
5736
2
22
4146
4
8
786
5
8
751
5
13
1428
7
20
1347
9
18
1459
9
20
3051
9
23
2172
9
39
7940
10
23
3284
11
30
5128
12
29
1864
12
30
3686
12
32
3663
13
28
3076
14
29
2642
15
24
1025
16
23
1730
17
24
1794
17
29
1821
18
29
1482
18
30
1706
18
33
1554
19
33
848
19
35
3128
22
33
1237
22
35
2307
23
31
2057
23
33
2485
24
46
3382
25
44
3472
26
38
2873
26
41
3216
26
43
3583
26
45
2221
27
33
639
27
35
2193
29
42
3256
29
49
4234
30
45
1080
31
36
547
31
43
2293
34
42
1357
35
45
1203
38
48
1638
