0
53
3241
0
55
8333
1
11
1769
1
47
5756
1
53
3923
3
43
2670
4
27
5378
5
7
675
7
48
4182
8
13
644
8
20
1195
9
16
805
9
22
1672
11
20
2422
12
20
678
13
32
2442
13
35
2210
14
27
1469
15
23
778
15
31
2014
15
39
3673
18
20
770
18
25
959
18
26
1804
18
32
2965
19
29
932
19
34
3402
19
37
4179
20
34
1912
21
24
495
21
41
3789
23
45
2685
25
50
6704
29
37
1465
30
45
1374
33
43
1603
33
46
2407
33
48
2269
33
50
2509
35
46
647
35
47
1235
36
44
1488
36
45
1383
36
52
2398
37
55
3061
38
49
2359
40
41
410
40
50
881
40
51
2083
43
48
684
