0
26
2228
1
10
1541
1
10
2042
1
24
2375
4
36
9629
5
13
2234
5
70
9986
6
28
5391
9
21
3415
10
29
3472
11
15
1037
11
25
3887
11
88
5215
14
24
1627
15
33
1807
17
43
3607
17
74
11441
18
23
1628
19
31
3107
19
34
3185
20
25
716
20
31
1615
20
33
3549
20
40
2597
24
31
1127
24
34
1500
25
27
382
25
44
1852
26
35
691
27
74
10294
28
36
1002
31
35
916
34
37
567
34
46
1796
34
52
3522
38
51
1563
39
61
5596
41
52
1263
41
57
1920
44
59
1614
46
59
1674
48
59
2511
49
56
1260
56
73
3706
57
74
998
60
64
492
62
85
4326
63
79
1704
63
84
1890
64
79
1676
65
81
1783
70
81
988
76
81
662
82
83
333
