0
15
2397
1
68
12113
2
15
2049
3
8
962
11
19
1204
11
20
1552
12
26
1523
13
24
1394
13
26
1289
13
36
2676
14
25
805
15
20
1658
15
43
4108
18
21
404
20
36
1391
20
52
7111
21
35
3240
21
42
4219
22
31
1128
22
35
2093
22
44
3399
23
28
1187
23
31
842
24
25
272
25
30
387
25
52
6749
27
40
3097
29
36
1588
29
44
1709
29
47
2438
30
43
2863
30
45
2315
31
48
2781
33
55
4730
35
54
2831
36
52
3019
36
53
1994
37
39
333
38
41
967
39
54
3388
43
47
707
45
61
3839
46
59
1330
49
63
2701
50
61
1294
52
66
2892
54
64
2819
54
67
3381
61
66
892
61
70
1537
64
70
598
