1
92
13260
2
27
5166
2
92
8378
2
99
23544
3
9
783
4
5
115
6
20
2126
7
20
2086
8
31
4383
10
27
2780
15
83
14349
17
35
3389
18
54
3265
18
72
6263
20
27
1264
21
24
780
26
35
1104
29
33
1120
29
50
3732
33
42
1965
34
38
859
34
39
517
35
40
1131
35
47
2213
36
47
1315
36
55
4622
36
61
3069
39
41
585
42
49
1928
43
56
1575
45
61
4182
46
58
1535
47
56
1723
48
51
470
48
62
1165
49
53
956
49
54
661
49
73
2833
59
73
1591
61
79
3832
62
71
841
62
72
732
63
77
2964
65
81
3189
65
87
3087
66
83
1831
67
73
594
68
78
1300
70
74
1061
71
92
1987
72
93
6255
73
97
1998
74
76
641
75
91
1719
76
86
2043
76
89
2499
78
83
581
78
85
1766
81
90
1003
83
101
3429
87
103
1274
92
97
1623
