0
19
2471
0
20
4711
0
46
4261
1
26
5132
2
7
920
3
14
1886
3
17
1470
3
29
5839
3
39
6864
4
13
831
4
20
2562
5
13
1460
5
45
9633
6
14
674
6
18
3405
6
28
2163
6
31
1930
7
10
798
7
16
1781
7
17
1585
9
33
5539
10
28
1621
11
27
1817
11
27
1640
12
20
2483
12
29
4000
12
30
1339
12
33
6006
13
34
4805
15
46
2096
16
19
772
16
31
1574
17
22
1444
17
34
2386
18
40
2610
19
29
812
20
32
1017
21
23
777
21
36
1499
23
27
1061
24
43
1425
26
36
1186
26
42
3301
28
41
2504
29
40
852
37
41
459
38
47
2123
39
44
689
40
44
574
