1
470
96195
13
469
45346
14
461
37607
28
40
1793
39
49
1094
40
49
1088
44
52
1777
62
409
33675
74
86
2451
82
258
22472
85
104
2269
103
118
4238
104
118
3694
153
165
2298
157
171
3447
168
188
3638
172
183
2171
173
180
1453
196
208
1351
203
210
767
205
230
2830
209
212
551
217
293
17876
218
231
1319
226
235
1391
262
275
1882
268
279
1682
279
302
4636
283
304
1830
285
291
878
291
300
1851
304
308
644
306
322
2031
314
329
3004
320
328
1479
322
333
1631
325
337
1975
331
346
3893
333
341
1222
339
348
1768
343
358
1791
346
365
3181
348
355
1194
349
369
4759
387
414
7684
396
406
964
410
419
2618
425
426
510
