0
12
777
0
58
5292
2
33
4369
3
28
4673
3
29
6558
6
13
1783
6
19
1385
6
31
4445
6
59
5623
7
11
1095
7
19
2895
8
22
2584
8
27
1684
9
26
3057
11
17
518
12
38
2592
13
19
1116
14
20
879
14
23
1008
17
25
633
17
41
5323
18
23
726
20
24
1047
20
25
389
20
29
1312
20
41
3834
21
35
2031
21
35
1090
23
29
885
23
34
2697
23
40
2546
24
43
3942
25
61
4916
26
30
402
26
30
430
27
51
2032
29
46
1320
30
43
2622
31
41
797
32
38
1053
32
45
1543
32
54
1841
33
45
1291
35
46
1787
36
49
1758
36
52
3340
37
44
2265
40
48
1669
40
49
1024
41
50
701
44
51
1386
44
58
4026
45
56
2008
46
53
2188
49
60
2889
