0
5
714
0
292
71192
0
294
20897
3
28
4272
3
260
29895
9
29
2768
11
28
2929
14
19
1168
15
292
65687
18
27
2129
25
36
2022
30
39
1334
33
41
1004
34
41
1026
35
57
4961
36
44
601
41
54
1845
44
60
1853
48
59
807
50
58
1558
52
69
2085
57
74
4410
66
69
775
69
78
1631
69
83
1934
97
114
1603
97
121
2643
98
115
4175
104
112
2030
114
124
2179
118
129
1494
127
135
692
131
141
1383
135
139
604
136
152
1713
136
159
3479
149
158
1421
156
160
333
165
187
3558
167
224
4985
174
185
1648
180
207
3392
184
188
668
194
206
1796
196
214
2737
197
215
1559
208
220
1620
232
255
5441
235
246
1371
237
250
3122
237
256
3883
245
265
2381
246
266
4348
249
269
4238
253
254
276
260
272
2368
266
284
2316
269
294
4057
287
292
593
