1
18
1
2
313
1
3
17
1
8
288
1
9
25
1
14
31
1
18
41
1
19
40
1
24
39
1
24
44
1
28
46
1
28
50
1
34
50
1
40
105
1
43
48
1
47
71
1
50
58
1
85
109
1
88
104
1
95
100
1
95
115
1
102
128
1
105
110
1
106
130
1
108
126
1
109
128
1
110
122
1
119
128
1
127
134
1
127
135
1
132
147
1
135
151
1
137
143
1
151
157
1
156
166
1
158
172
1
160
166
1
165
191
1
170
179
1
171
188
1
173
185
1
182
200
1
194
197
1
195
201
1
200
274
1
203
214
1
210
220
1
210
237
1
222
231
1
230
236
1
245
258
1
245
260
1
252
268
1
253
263
1
260
269
1
260
285
1
262
269
1
266
284
1
272
280
1
275
287
1
275
292
1
276
285
1
293
297
1
