7
30
1
10
19
1
16
214
1
22
92
1
24
36
1
29
242
1
42
57
1
43
48
1
49
257
1
52
58
1
55
64
1
65
82
1
72
80
1
76
86
1
76
87
1
77
97
1
83
87
1
91
100
1
92
104
1
95
115
1
97
270
1
100
108
1
101
117
1
103
105
1
108
129
1
112
125
1
118
242
1
120
128
1
124
142
1
128
131
1
157
173
1
164
172
1
180
203
1
188
198
1
196
206
1
201
218
1
201
221
1
209
233
1
214
223
1
215
223
1
220
246
1
224
237
1
227
229
1
233
238
1
233
245
1
234
241
1
236
244
1
236
244
1
240
263
1
243
259
1
244
256
1
251
268
1
258
277
1
263
276
1
270
288
1
271
292
1
277
287
1
284
294
1
290
300
1
291
299
1
293
299
1
