0
3
780
0
59
5887
1
17
4335
2
13
1658
2
16
856
3
42
5887
5
23
1574
5
23
4792
6
18
1529
7
33
5445
7
33
2263
9
11
268
9
47
4540
10
21
1106
11
32
3873
11
44
5145
12
21
2272
12
49
4353
13
21
638
13
24
2409
13
28
3931
15
31
1066
16
37
3593
18
25
689
20
25
782
20
30
719
20
31
1769
23
32
2001
23
45
4081
25
37
1403
25
38
2983
30
37
1004
30
49
1318
31
36
1087
31
40
1038
32
39
777
32
40
2221
32
58
2459
33
39
822
33
41
1188
34
40
1335
37
45
1618
38
41
326
39
47
970
40
50
1898
40
57
2180
41
43
516
42
52
837
42
54
1898
42
57
2120
43
56
954
47
53
849
51
57
1182
51
58
1689
