0
54
8271
1
13
1478
2
13
1766
2
16
1865
3
7
606
3
12
1146
4
17
1752
4
19
1520
4
45
2460
4
52
10838
5
14
1049
5
30
2815
8
22
3298
8
28
4238
8
54
6883
9
16
1014
9
25
2844
11
16
743
11
22
1443
11
32
2362
12
24
2247
13
54
5690
14
35
2861
15
26
3067
15
36
4688
16
18
285
16
31
4620
17
40
3206
19
36
4607
20
39
2639
20
48
5634
21
44
4844
22
36
1937
24
33
1208
24
35
1685
24
54
8636
25
42
4320
26
47
3079
29
45
2324
30
44
2860
31
35
1256
31
36
1566
31
37
1266
31
42
1531
32
45
1918
33
50
2771
38
53
2398
41
49
2013
47
53
795
