0
10
1
3
19
1
6
86
1
6
91
1
7
16
1
8
16
1
10
29
1
10
33
1
11
27
1
12
16
1
13
35
1
13
98
1
14
15
1
14
70
1
15
35
1
16
19
1
18
23
1
20
25
1
20
30
1
21
35
1
27
43
1
32
41
1
32
45
1
34
96
1
36
104
1
38
54
1
41
69
1
43
52
1
43
61
1
44
68
1
45
51
1
47
56
1
50
61
1
52
54
1
53
56
1
54
98
1
57
60
1
57
66
1
58
83
1
60
68
1
62
79
1
63
87
1
64
70
1
64
78
1
65
66
1
67
79
1
68
76
1
70
75
1
70
83
1
70
87
1
74
89
1
75
79
1
76
81
1
78
84
1
78
100
1
79
84
1
80
93
1
81
91
1
83
95
1
84
95
1
88
93
1
98
103
1
100
102
1
