0
8
1776
0
26
3656
0
72
7495
5
22
2583
6
44
6127
11
24
2206
11
68
10054
12
38
4384
13
18
1058
13
29
3951
15
23
1504
17
29
1678
18
21
557
18
37
3739
19
39
1393
23
38
4241
24
42
2231
24
47
2233
26
36
1743
26
63
6680
27
52
4020
28
44
4214
31
56
2113
33
41
1283
33
47
1174
34
51
2635
34
65
4428
35
49
1919
37
45
1052
38
49
2321
39
50
1525
39
61
5745
40
50
2523
41
64
3676
41
64
3157
43
44
362
43
51
1268
45
49
730
46
60
2585
50
54
616
50
69
3004
51
61
2827
54
66
3167
54
75
4938
54
75
4989
55
66
1951
56
75
1392
58
71
1083
59
63
771
60
71
1919
61
72
934
65
68
557
70
75
588
