3
9
1425
7
24
2847
11
22
1974
13
23
1555
20
148
29835
22
31
1390
22
39
1501
23
31
1728
23
129
14730
30
56
3591
32
42
2108
42
54
1244
42
56
1934
48
58
1821
48
61
2284
53
57
1103
53
66
1530
55
145
10520
56
73
2594
59
72
2590
61
81
2724
62
77
4406
62
81
1748
69
91
4120
72
78
937
72
79
1771
73
90
1257
76
97
1839
80
151
10270
84
95
1957
85
93
770
85
99
3627
85
141
12888
86
103
2856
89
98
970
93
110
2506
95
107
1585
102
115
3645
106
115
998
107
133
3251
110
120
1285
113
133
3526
123
127
710
124
132
1316
125
133
664
125
134
1059
130
147
1489
142
156
2325
