0
20
1700
0
22
2797
0
173
17009
2
4
295
3
8
470
13
26
1762
17
32
2045
19
30
858
21
29
721
21
29
1549
23
47
6764
23
49
4264
28
31
779
28
33
462
28
36
1252
29
44
1706
30
46
2986
31
39
702
31
55
1956
35
175
13150
36
47
2813
39
50
1000
44
111
15769
44
123
10597
45
65
2011
46
49
952
47
65
4849
49
66
2088
55
66
1557
62
68
833
80
103
3803
84
94
1804
85
90
912
85
103
2264
93
108
2550
104
109
832
107
117
1333
109
123
3550
109
124
1182
115
133
4074
119
132
2283
125
139
2346
130
154
2706
135
151
1857
138
158
4510
140
143
1023
142
155
2027
146
161
4130
148
163
1213
151
171
2901
161
167
1377
164
172
870
167
173
1442
