0
15
1664
1
16
2018
1
29
2784
2
14
1407
2
19
2649
2
28
7453
2
47
7114
3
19
2797
3
23
3088
4
16
948
4
19
2065
4
27
4887
7
20
2133
7
22
2440
7
23
1326
7
46
3906
9
29
3024
10
19
1345
10
23
1626
11
22
935
11
28
2090
12
19
2234
12
37
3519
13
16
912
13
29
2667
13
30
3545
14
23
1791
15
31
2790
15
40
3875
16
33
3308
19
36
4190
22
26
505
23
39
1661
23
45
3241
24
31
753
24
35
2684
25
38
1589
26
32
1387
26
42
2057
27
30
396
27
43
2413
28
42
2207
34
40
783
34
42
1399
34
42
1766
38
45
1197
39
43
346
41
45
1256
