2
21
1840
2
568
65761
11
13
249
23
400
74572
30
47
1942
35
59
1378
41
67
3243
51
61
1072
58
67
2779
61
78
3491
65
422
30604
71
90
4596
94
519
119900
111
115
508
114
128
1243
130
152
3291
132
579
56320
143
510
69139
151
174
2917
165
171
976
171
180
1032
172
182
2436
183
492
35361
200
299
16083
207
214
1351
232
236
533
238
243
568
244
256
3080
247
270
2518
255
271
1537
259
276
1673
272
297
5930
274
285
2631
275
279
1452
283
296
3547
296
319
6002
330
356
3342
346
366
2702
347
351
622
373
381
1675
377
382
629
403
408
993
411
418
997
412
425
3161
452
453
149
457
475
3520
464
479
1526
469
480
1134
481
496
2171
487
500
3150
503
514
2673
504
521
2681
508
519
929
515
538
3679
529
550
6034
544
561
1853
561
570
2050
569
578
1367
