0
13
2399
1
16
2304
1
97
26535
2
20
4493
3
10
1776
9
23
3960
9
64
10601
9
92
11936
13
31
4024
14
25
2550
16
26
2582
16
31
1634
25
58
5142
27
30
684
29
37
1131
29
53
3070
30
110
5466
31
38
748
31
43
2464
31
112
21141
33
43
1886
37
45
719
42
48
713
42
52
2457
43
68
4868
44
63
2379
45
53
2352
46
62
2660
46
84
4798
48
71
1893
49
59
2289
49
72
4141
51
62
1274
51
67
4024
52
61
1193
52
67
1715
53
70
4754
54
55
526
59
79
1764
61
116
6895
62
66
1154
63
66
620
66
76
1340
66
78
1180
67
72
724
69
93
3612
71
85
1287
72
99
5373
74
76
529
77
90
3365
82
95
2306
85
106
2462
87
102
2288
89
114
2982
90
100
1685
91
106
2491
91
108
2562
92
96
509
93
115
3931
103
110
887
