10
26
1934
15
33
1278
31
40
1977
39
196
24219
42
49
1715
43
370
41288
72
86
1948
87
100
1036
89
94
1331
90
95
928
115
128
2281
123
146
2692
124
134
1565
128
348
14723
145
164
3411
163
174
1634
168
192
3029
189
369
28907
191
195
1481
198
209
1501
202
227
3191
204
332
35347
208
215
738
208
230
1403
223
236
1061
228
255
2244
245
251
1118
249
260
1163
282
291
558
298
315
3507
303
376
8307
309
318
2252
313
331
1640
321
332
2815
330
333
687
348
354
1021
362
383
1194
363
372
1580
372
383
2790
373
377
1016
395
404
1277
403
404
196
