6
174
15310
54
56
650
55
65
2967
64
583
73048
86
609
68982
107
120
1769
127
139
2070
137
159
2889
149
597
42349
153
212
6262
155
175
1790
156
158
708
160
166
853
177
197
2950
179
195
3103
213
230
1843
223
239
1994
240
255
2403
263
270
1013
265
274
1656
286
298
1211
289
309
3600
294
303
1112
320
334
2595
327
351
3390
333
351
4617
334
338
889
336
337
434
342
350
1946
349
361
2005
354
379
2527
355
364
2860
357
367
1023
367
377
2114
379
388
1299
380
400
3096
397
414
1878
445
452
1328
447
465
1673
448
470
5890
456
460
1185
459
466
1131
471
481
2619
477
484
1475
482
491
1448
482
493
825
487
496
1224
488
496
995
490
515
6751
492
503
2252
493
506
3110
516
528
2620
524
532
1004
527
540
900
529
542
1657
532
540
1588
542
548
1045
562
577
2214
565
574
1646
568
577
865
572
582
1162
583
592
882
603
619
1792
