0
13
1
2
18
1
3
17
1
8
17
1
9
22
1
10
26
1
10
101
1
11
23
1
12
14
1
15
27
1
15
68
1
16
40
1
17
24
1
18
42
1
19
69
1
20
29
1
20
32
1
20
44
1
21
28
1
22
42
1
22
93
1
23
34
1
24
34
1
26
30
1
27
106
1
31
54
1
35
40
1
35
49
1
36
38
1
37
99
1
39
46
1
39
51
1
42
54
1
43
52
1
50
57
1
55
59
1
55
63
1
55
63
1
55
64
1
57
72
1
57
72
1
60
72
1
60
79
1
61
83
1
63
67
1
63
73
1
64
81
1
68
84
1
72
75
1
73
86
1
74
81
1
75
94
1
76
82
1
78
97
1
79
83
1
79
84
1
80
87
1
80
91
1
80
100
1
81
86
1
84
87
1
85
88
1
86
94
1
91
99
1
