0
86
22333
1
17
1803
2
15
2066
3
24
4225
5
24
1525
6
16
2142
7
25
1920
9
26
1902
12
26
1798
12
27
3620
12
30
3988
12
81
8276
15
33
4867
17
28
1687
18
28
1100
19
31
2458
19
67
11999
20
38
2846
21
28
723
24
29
676
24
36
2137
24
80
13136
25
40
2558
25
42
1631
26
43
3057
27
47
4030
28
42
2438
29
39
932
29
39
2835
31
46
2803
34
48
2324
35
43
828
36
54
2640
36
62
2122
40
83
4702
47
69
6414
49
60
2491
50
60
2251
52
66
3588
54
64
2370
54
67
3633
56
64
659
61
79
1923
62
71
897
63
81
3460
65
79
3049
68
70
503
68
76
1424
69
73
665
69
76
776
72
86
2420
74
82
698
81
86
1379
83
87
758
