4
14
833
4
25
2049
5
13
2094
6
17
1840
7
15
1004
8
23
2954
9
12
392
11
25
3383
13
67
4010
16
29
1793
18
22
888
20
102
21295
23
33
831
23
40
2609
33
113
18338
35
145
15378
37
51
2256
39
48
1139
42
54
1916
43
54
1721
43
64
2582
44
57
1514
45
56
925
45
71
2202
48
56
814
49
67
2383
54
72
3094
58
65
1144
58
82
3596
60
64
767
63
73
2485
64
75
1557
68
73
644
68
117
4553
79
99
4409
82
85
374
83
88
590
83
91
1800
83
100
1591
85
93
913
88
91
675
88
96
1556
88
109
3199
89
102
1247
89
105
3526
95
115
1282
98
111
3595
98
117
5315
101
117
3318
105
114
1141
107
122
4060
111
117
883
112
134
3592
113
119
1483
115
126
1810
120
129
1068
123
134
3414
129
147
1933
134
147
2011
135
146
886
