0
120
12708
0
122
23882
2
8
967
4
15
832
6
32
7032
6
112
9314
7
26
5754
13
19
807
15
39
4746
17
21
1285
20
26
802
20
43
4835
24
34
762
24
43
2337
27
38
2713
27
43
2289
27
44
2273
29
46
2335
30
91
14927
32
43
1064
35
40
480
36
44
1351
42
48
716
42
54
1529
42
55
1789
43
55
1348
47
62
2987
50
76
5944
51
55
1094
51
70
1851
54
70
3697
58
79
4299
59
66
841
59
72
2824
60
63
333
62
74
1987
65
74
1668
65
76
1810
67
86
2827
70
80
1303
70
91
3875
72
81
953
76
89
2433
77
86
1479
78
102
2593
79
88
1438
80
103
3537
81
89
2319
83
95
1249
87
106
2616
88
94
688
88
104
2805
89
97
1914
93
99
1028
93
101
1287
93
106
1483
99
108
1591
103
112
2618
104
116
1248
106
122
2088
110
113
970
110
120
1433
