0
26
6466
1
8
1761
3
11
801
3
73
13425
5
11
606
5
20
3434
6
28
2805
7
18
1373
9
18
1435
11
73
10018
12
22
1823
12
23
1055
16
19
472
16
26
1946
18
24
747
20
26
1076
20
32
2175
20
39
3528
21
41
2343
23
35
2845
25
30
1219
27
38
800
27
45
3116
27
92
6807
29
36
920
30
39
1730
30
41
1322
33
52
1617
37
42
693
37
51
2966
38
40
320
38
46
1586
38
62
2729
39
83
5243
43
58
1819
44
53
944
47
52
908
47
56
1088
48
51
606
48
63
1489
53
62
1274
53
82
5466
54
62
1466
56
73
3545
56
75
2729
60
66
1314
61
76
3174
63
67
1001
64
76
1795
65
79
1448
67
72
824
68
79
1298
71
72
216
77
79
561
78
83
548
81
89
1663
82
88
781
