5
618
1
15
34
1
20
27
1
23
29
1
27
36
1
40
335
1
60
74
1
67
84
1
72
73
1
83
88
1
109
115
1
124
144
1
126
141
1
136
152
1
145
160
1
159
177
1
161
172
1
165
174
1
181
191
1
184
190
1
195
201
1
203
224
1
205
212
1
219
241
1
224
489
1
244
252
1
255
263
1
261
270
1
270
280
1
274
278
1
275
278
1
284
299
1
287
291
1
298
307
1
312
321
1
317
554
1
321
342
1
357
366
1
357
369
1
371
388
1
374
379
1
388
401
1
403
412
1
415
427
1
434
450
1
441
451
1
449
451
1
468
471
1
480
493
1
491
502
1
493
503
1
501
504
1
504
526
1
532
542
1
538
544
1
556
562
1
568
578
1
580
596
1
584
593
1
585
587
1
592
601
1
597
608
1
605
615
1
