0
488
41698
3
24
5995
18
443
41391
19
33
2993
26
44
3004
31
49
2552
39
45
989
51
59
712
54
196
11256
81
86
943
82
90
1831
90
103
2418
112
132
2740
122
139
1846
142
160
2421
155
178
2298
158
160
483
168
177
1446
186
380
47360
189
202
1724
190
208
4971
196
203
1657
198
209
3117
200
486
41138
201
227
3706
203
217
1390
211
214
1125
214
224
1276
216
226
1310
217
224
827
217
225
1127
220
226
943
229
248
2987
248
258
1828
261
277
2997
270
287
2622
278
281
623
307
312
724
320
337
3375
336
353
2680
375
381
1277
391
404
2260
413
418
1584
427
444
2621
429
448
5106
453
468
1908
459
468
1281
464
474
1021
486
489
797
