5
23
4344
17
28
2994
17
185
29609
20
24
794
21
22
495
23
32
1222
25
36
2164
25
37
1141
28
34
669
37
39
429
39
52
1801
60
69
830
62
64
302
63
74
1331
63
86
5376
63
169
11465
64
73
1514
64
81
4449
64
83
3156
86
92
816
86
93
1067
86
95
727
92
103
1373
93
104
1134
94
101
992
94
106
1435
96
106
2049
100
113
1268
101
107
894
101
148
6342
110
112
321
113
116
774
137
150
1177
142
157
2944
146
166
3645
162
170
1193
162
174
1522
174
189
1383
176
188
1159
177
181
1012
182
191
799
188
209
2572
196
213
2486
204
211
1466
