2
8
1
2
14
1
13
24
1
19
29
1
21
41
1
22
38
1
31
43
1
32
37
1
32
152
1
33
42
1
33
44
1
34
35
1
35
40
1
35
55
1
48
158
1
69
218
1
72
114
1
73
75
1
79
92
1
85
101
1
88
278
1
90
109
1
96
106
1
114
125
1
120
136
1
121
126
1
139
148
1
139
151
1
139
165
1
144
224
1
146
158
1
152
165
1
154
162
1
159
169
1
166
184
1
168
182
1
171
183
1
181
193
1
187
223
1
197
217
1
201
207
1
207
234
1
209
217
1
209
228
1
211
213
1
215
235
1
219
230
1
228
244
1
234
238
1
235
238
1
238
261
1
246
258
1
259
273
1
262
277
1
267
276
1
272
283
1
278
289
1
280
292
1
283
288
1
