38
44
889
49
60
1379
51
72
4308
62
85
4781
62
233
14534
66
80
1681
76
87
1136
87
97
1315
98
107
2209
98
214
9844
111
460
59603
119
138
2385
123
138
2446
129
136
1224
137
146
1320
144
160
1087
145
164
1849
158
184
2343
160
355
20638
184
192
894
185
210
3353
192
504
39891
201
206
979
202
225
5879
216
243
3274
231
243
1792
236
252
4248
242
257
2013
246
261
1751
249
259
804
251
273
3553
252
257
1269
253
263
2185
268
442
21227
270
282
2992
288
309
2552
288
477
28927
315
329
3893
317
325
1467
323
329
1034
327
345
3525
359
370
1001
379
389
1925
383
395
1157
383
402
4305
385
406
3314
394
399
731
396
414
3809
410
418
1647
423
432
1699
441
452
1111
454
470
1056
462
476
2537
479
487
906
481
492
1327
