0
6
982
0
18
3333
1
37
2757
2
11
1910
2
19
1705
2
31
2507
3
10
994
5
19
1957
7
15
1096
7
19
2224
7
49
6695
9
25
1823
9
47
5781
10
17
542
10
48
10678
12
19
1090
12
19
865
12
22
1148
13
19
1138
13
22
1111
14
35
3929
15
24
868
15
29
1321
15
32
3071
16
30
2227
16
39
2987
16
46
2361
18
39
2059
19
26
892
21
33
1406
22
35
3778
23
35
1289
23
36
2263
24
28
915
24
37
2162
25
33
598
25
45
1618
25
46
3283
26
38
2324
29
37
1132
29
43
3062
32
36
596
32
45
1465
32
49
2789
33
43
1523
33
48
2762
35
42
1682
36
43
1769
36
50
1666
37
47
961
39
51
3038
45
50
731
