5
14
1601
5
15
1182
6
19
1111
6
21
3765
10
26
1456
10
27
2314
13
18
778
13
55
8505
14
21
1217
14
31
2718
16
35
1449
18
24
1617
18
37
3981
19
32
1660
19
41
2435
24
32
1014
25
48
2494
26
41
1338
26
41
2163
28
34
1362
28
35
556
28
39
1614
31
45
2153
33
45
1504
33
52
1804
34
43
1225
34
54
3281
36
51
2556
37
40
303
38
42
604
39
58
5932
40
49
2664
44
56
3073
45
59
1504
49
61
2686
52
57
450
52
59
1972
54
64
2637
55
67
2566
56
71
2445
57
68
2686
57
70
1273
58
68
2374
59
79
1610
62
68
1159
63
71
1808
63
78
981
63
85
3350
65
75
1835
68
81
2875
69
73
524
70
76
922
71
81
1554
72
79
815
73
77
646
73
83
2104
73
84
1728
75
85
1142
75
86
2171
76
84
952
77
82
1256
82
84
270
