2
298
65527
3
7
970
4
21
2063
7
28
2463
8
32
6720
9
29
1604
10
38
4526
15
19
318
15
27
1015
15
31
2945
15
32
2185
17
82
5831
25
29
437
41
271
30192
43
56
1029
44
53
2521
45
61
1768
50
60
1622
53
62
2105
56
66
1057
57
80
3486
73
95
4366
75
83
1516
80
93
2235
85
89
350
98
116
1728
101
106
689
101
118
3267
102
110
936
102
113
1101
111
117
1396
112
118
1221
116
122
1242
135
148
2027
135
148
1902
137
141
1293
141
152
1475
141
158
4091
142
153
2311
151
155
477
157
164
1092
165
174
1375
166
182
1801
190
202
1822
190
216
2552
195
207
1461
211
222
2640
220
235
2268
222
238
2539
222
304
19667
226
241
3136
231
235
519
238
252
2418
242
250
1345
244
246
379
252
270
3858
263
284
2671
269
288
2862
274
283
1213
284
290
1876
297
303
1088
