5
11
616
6
18
1144
7
29
2496
7
32
5112
9
85
7859
11
24
1856
11
51
5808
12
22
2183
12
25
3124
14
25
1710
14
31
4381
15
42
5599
16
29
2160
17
27
1999
17
30
2108
17
88
7416
18
30
1804
18
42
4893
19
36
2701
20
84
5336
20
86
12800
21
27
666
30
67
9208
31
45
2856
31
67
8181
32
41
1354
34
37
1068
34
38
479
34
48
2181
35
38
420
36
52
3611
38
46
1007
41
54
1859
44
48
974
44
58
2666
44
58
1325
46
54
1610
46
57
1654
46
58
1536
52
63
2497
52
70
4051
57
73
1688
57
80
4544
58
69
2840
59
75
2244
59
77
2282
62
81
1338
63
73
1873
69
71
279
69
86
1399
73
76
654
76
83
1473
78
87
2259
