1
10
1575
2
14
1133
4
108
14308
5
14
1585
5
20
2528
5
29
3441
7
17
1656
8
11
323
10
12
442
10
24
2486
12
36
1828
14
20
701
14
104
18252
16
34
3462
18
121
11522
20
33
2456
21
36
1711
22
29
973
23
43
5057
23
111
13353
25
31
497
25
106
6978
28
37
1479
29
54
3602
30
39
1876
31
49
3911
34
95
8868
38
49
1469
44
53
1234
48
73
4885
49
70
2495
50
65
4686
51
74
4423
52
119
9648
54
122
9377
56
66
1321
63
66
426
64
69
765
66
76
1449
66
89
3524
70
79
2098
75
88
3097
79
95
3161
82
94
932
83
93
1172
83
96
3410
95
109
2208
97
114
2410
98
113
1481
98
114
1824
99
111
1258
101
118
1753
101
125
2006
102
117
1332
103
115
3599
105
115
1243
105
122
2384
110
115
532
110
117
1319
111
121
1147
112
121
1320
113
120
640
115
121
1026
