0
26
1
22
35
1
43
240
1
43
500
1
54
64
1
58
381
1
69
74
1
73
95
1
78
510
1
85
108
1
90
97
1
102
109
1
108
123
1
110
124
1
116
124
1
117
124
1
134
159
1
135
154
1
174
336
1
184
192
1
193
206
1
198
209
1
210
486
1
211
226
1
214
219
1
217
240
1
219
233
1
223
237
1
224
233
1
239
255
1
242
519
1
247
251
1
249
259
1
291
352
1
294
300
1
316
326
1
316
344
1
330
337
1
338
345
1
345
353
1
355
367
1
355
379
1
360
378
1
384
400
1
416
439
1
434
450
1
446
456
1
453
474
1
473
486
1
493
503
1
493
507
1
499
502
1
