4
20
1804
39
517
110890
39
589
119518
43
51
938
49
68
4991
49
429
62395
57
75
3658
61
82
2231
62
82
2149
72
92
2918
73
623
132928
83
101
3246
86
93
1602
88
99
1200
90
112
4193
91
117
4808
108
124
2873
122
138
3402
137
155
1707
154
163
858
157
194
5259
159
175
1513
162
166
853
195
197
404
196
213
1584
203
212
2308
239
242
497
253
263
675
268
379
9009
269
270
189
270
289
2592
271
280
1170
312
320
1739
320
333
1622
336
341
826
349
357
1455
360
362
423
367
384
1301
369
375
1821
376
386
1935
400
406
1365
402
407
519
406
420
2132
408
436
7417
426
435
716
434
535
14613
435
456
3711
436
446
1325
456
469
1728
480
500
2701
500
523
2575
515
527
1207
516
530
1348
518
522
301
519
529
2236
524
609
17124
535
545
1481
552
562
1538
566
581
2503
581
593
1184
602
620
3563
603
626
2763
611
629
2424
616
627
2526
