1
8
1022
4
129
14948
6
17
1018
6
56
7587
8
69
13815
10
24
1245
11
116
11400
12
25
1615
14
28
4049
18
28
1180
20
30
1824
20
34
3591
23
31
1450
23
44
3216
24
35
1950
25
101
7182
27
46
2140
31
42
1917
35
47
2572
35
53
1272
36
47
3133
38
52
1851
38
56
2597
40
46
1144
43
68
3510
45
54
717
48
59
1962
49
63
3919
51
68
3532
51
120
10921
55
64
1125
56
68
2788
59
76
3730
60
72
1156
64
73
1719
70
78
1934
72
83
1675
72
85
2505
75
92
1625
79
81
577
80
86
1235
82
96
1185
83
98
1611
87
100
2514
94
102
2381
94
111
1645
95
104
1045
99
106
1125
100
120
4868
107
116
2065
109
123
3341
115
124
2025
125
133
1293
128
131
1193
