0
16
4833
1
8
770
3
7
334
3
8
506
3
13
774
4
5
243
4
13
744
4
22
3264
4
25
1800
6
12
1481
8
22
1631
12
23
1609
13
20
1099
13
27
2576
13
34
3464
15
34
3143
18
36
1676
20
28
1226
20
28
834
21
36
1705
22
33
1222
22
37
3752
23
57
4538
24
73
6442
29
48
1807
30
58
2426
33
44
1895
35
42
1262
35
53
3188
36
57
3415
37
41
675
39
46
723
42
55
961
43
65
2403
44
51
2002
44
67
2610
45
48
367
45
62
1949
45
67
3156
46
60
2554
46
70
1768
48
51
291
50
61
1300
51
70
4946
52
70
3279
53
68
1525
53
75
4837
55
62
1247
57
76
1935
58
61
268
62
76
3637
65
77
1786
68
76
1260
71
72
117
