2
47
5387
3
7
568
4
67
6882
7
23
2057
7
24
4389
8
90
15693
9
98
8369
11
25
1486
13
22
1751
16
23
455
16
26
2915
17
96
13418
18
19
226
18
36
2576
18
98
16810
19
29
1890
21
29
1563
22
88
11073
26
42
3210
29
44
4145
30
47
2253
31
49
2652
33
47
2240
35
39
516
35
43
1419
35
48
2823
36
45
2059
37
51
2242
37
58
1765
38
45
643
38
57
5282
40
53
1520
45
65
1631
45
82
4349
48
60
2096
49
62
2221
50
57
776
50
58
1987
50
78
4372
51
67
2014
52
72
2395
55
65
2576
56
59
882
57
61
786
61
78
2402
62
80
3199
65
69
972
66
71
551
72
86
2513
72
97
4609
73
81
1574
79
82
338
81
82
308
81
89
926
83
97
3173
84
103
3960
85
95
1053
86
89
322
86
90
605
92
103
2815
93
98
520
94
99
964
