0
7
1026
0
8
1676
2
143
14590
3
139
18794
14
33
3670
15
26
1002
21
128
15639
22
26
609
22
30
960
24
28
532
24
35
1319
32
40
1339
33
35
442
33
99
9001
39
84
9397
47
59
3285
52
64
2499
52
66
1600
58
73
1684
60
73
2936
64
76
2199
64
127
15603
67
82
1663
71
90
1691
72
75
567
72
82
1783
84
95
2957
89
102
3920
95
105
2272
95
112
3400
98
115
2302
99
104
844
100
114
2210
100
123
2270
101
119
1481
104
117
2650
105
119
1096
105
121
1492
107
125
3331
110
129
2296
113
135
2891
120
132
2250
120
133
1559
131
134
567
142
148
719
