0
71
10691
1
10
1139
1
67
17388
2
7
1230
3
23
4939
5
14
1270
5
25
2621
7
18
1867
7
61
13155
8
18
3031
10
47
4106
12
29
1694
12
29
2216
12
31
3846
14
25
1634
14
67
10973
16
40
2449
18
25
1465
18
37
4090
18
57
5979
21
33
1158
22
56
2933
24
38
1467
24
44
3821
25
34
1955
25
41
3222
27
40
1920
28
36
1002
30
47
1559
30
56
2976
31
39
1871
32
42
1930
33
51
3732
34
47
1704
35
44
1082
36
45
2662
36
46
1058
37
43
671
39
44
559
39
45
910
39
45
711
39
58
1960
41
45
734
41
64
2372
42
50
1432
43
48
1044
43
62
2341
44
62
4236
45
54
1936
46
58
2772
47
64
2143
49
67
3653
50
62
1948
50
64
3171
50
66
3346
51
55
911
52
60
2269
