1
21
2952
4
10
925
4
161
26172
10
35
4521
14
23
1115
21
33
1349
28
40
1669
33
52
4141
35
57
4370
41
58
3301
43
46
837
43
48
516
43
62
4982
55
62
861
62
69
1026
66
146
12900
69
75
611
75
84
1598
78
80
571
79
93
1958
92
94
487
96
152
11411
99
110
1447
99
111
1392
109
122
4153
110
113
640
114
124
2233
114
136
3560
115
122
1167
115
124
938
119
134
3489
128
133
971
128
136
1618
128
137
1181
128
148
3362
133
144
1571
134
144
1730
134
148
3224
136
141
664
136
149
1609
138
157
2273
140
153
1289
145
158
1833
147
163
2348
150
153
408
152
158
736
152
166
1875
154
161
1214
157
165
1888
163
165
357
