0
12
1171
0
43
8698
1
12
1651
1
18
2385
1
62
10497
2
12
2672
2
22
2051
2
58
11262
4
31
2770
4
55
9073
4
59
11707
5
25
3366
5
60
3846
7
14
1239
7
20
2284
8
13
497
9
19
681
9
55
4064
10
23
2105
12
23
1319
15
22
1678
16
20
1340
16
40
5312
17
24
1224
17
50
2765
18
31
1490
20
31
2466
20
36
1448
21
50
2395
23
44
1917
24
48
5027
24
62
4320
25
39
1677
26
34
1039
26
53
4232
27
36
2362
27
46
3486
29
42
1413
32
33
198
32
56
4752
33
42
1203
34
41
1802
34
48
1154
35
37
265
35
38
725
35
53
3197
38
53
2116
39
54
3309
40
44
1262
40
45
565
40
52
1581
41
42
277
41
50
766
41
59
1636
43
48
905
43
56
1549
46
54
545
47
53
834
47
57
839
48
61
2333
49
60
1836
50
61
1739
51
60
2184
52
60
976
