0
1
166
0
8
822
0
58
6087
1
4
269
1
8
1070
2
4
573
2
15
2677
4
14
1809
4
25
4840
4
54
10691
5
16
1427
5
17
1465
6
28
3980
6
33
5023
10
23
3296
11
27
1836
13
25
1823
14
40
6412
15
27
1788
15
27
1031
15
35
1864
15
58
4690
18
23
758
18
31
889
19
24
1069
21
42
1839
22
34
1895
23
43
1404
24
32
1704
24
33
2537
24
33
2321
24
46
4126
25
34
816
25
34
1197
25
35
1754
26
44
2469
29
51
3932
30
46
2677
31
50
4671
33
37
365
33
41
2334
34
45
668
35
42
823
35
42
968
35
44
1039
37
51
2766
38
47
986
38
54
3021
38
57
3323
40
49
1763
41
49
1172
42
44
268
43
52
1703
43
53
1038
44
53
2087
46
55
1402
47
52
708
47
53
1340
55
56
211
