1
25
1
5
20
1
11
272
1
12
31
1
12
31
1
18
35
1
30
39
1
37
45
1
43
50
1
49
61
1
54
57
1
62
87
1
63
73
1
65
87
1
66
72
1
67
79
1
68
80
1
74
95
1
76
84
1
76
92
1
76
94
1
89
108
1
92
98
1
94
105
1
98
187
1
99
113
1
104
110
1
105
122
1
105
128
1
109
124
1
112
125
1
115
125
1
122
131
1
122
136
1
124
136
1
126
143
1
130
138
1
130
144
1
131
144
1
139
154
1
148
159
1
158
173
1
172
183
1
182
209
1
185
200
1
198
216
1
207
267
1
208
212
1
213
217
1
216
274
1
230
248
1
233
239
1
238
243
1
239
250
1
247
252
1
