3
20
2136
5
19
2128
7
30
3870
8
32
3061
12
24
1124
13
127
16657
14
34
2140
23
31
1869
23
34
1360
24
45
2508
26
51
4915
26
82
6414
28
38
1241
32
43
2698
36
48
1242
38
56
2330
39
56
2135
39
130
10243
40
80
8037
41
54
2640
42
49
1013
43
52
1016
44
63
4625
47
50
790
50
66
1562
52
68
2977
53
66
2401
57
119
8036
60
66
1048
61
65
999
65
75
1191
67
85
2720
68
70
455
71
151
15904
73
90
2798
73
94
2880
74
82
1759
88
96
1003
88
101
1987
88
101
1193
91
105
3544
93
101
2129
96
112
1734
97
116
3959
97
120
5751
100
107
1014
100
117
1726
102
103
219
107
120
1616
108
117
969
109
124
2517
111
112
367
112
125
1464
112
136
2099
120
127
1849
122
131
2323
123
141
2730
131
135
948
132
137
1323
135
144
877
136
151
2342
138
151
1933
141
148
646
