2
21
1
2
568
1
11
13
1
23
400
1
30
47
1
35
59
1
41
67
1
51
61
1
58
67
1
61
78
1
65
422
1
71
90
1
94
519
1
111
115
1
114
128
1
130
152
1
132
579
1
143
510
1
151
174
1
165
171
1
171
180
1
172
182
1
183
492
1
200
299
1
207
214
1
232
236
1
238
243
1
244
256
1
247
270
1
255
271
1
259
276
1
272
297
1
274
285
1
275
279
1
283
296
1
296
319
1
330
356
1
346
366
1
347
351
1
373
381
1
377
382
1
403
408
1
411
418
1
412
425
1
452
453
1
457
475
1
464
479
1
469
480
1
481
496
1
487
500
1
503
514
1
504
521
1
508
519
1
515
538
1
529
550
1
544
561
1
561
570
1
569
578
1
