0
26
4800
1
12
2256
1
31
3812
1
40
5616
2
8
657
4
66
17592
6
20
2576
9
10
253
10
19
1278
12
20
1857
13
40
4148
13
61
5829
14
21
891
14
28
1355
15
22
1469
16
35
2061
17
38
3643
20
31
1530
20
38
2817
21
25
815
22
42
3257
25
43
2912
25
50
2813
27
34
1111
28
47
2589
31
50
3256
31
50
3549
32
45
1086
32
46
3047
33
46
2046
34
53
3407
35
46
1814
36
46
2558
36
50
1552
37
49
2120
39
52
1455
40
45
1140
40
51
1967
40
54
3309
42
49
626
43
52
1313
45
54
1630
45
56
1086
45
63
3251
45
66
2527
46
53
849
47
50
608
47
63
1770
50
61
1836
53
70
3974
54
71
2633
56
66
2534
56
74
2761
58
63
1052
58
71
1278
58
75
1894
59
67
858
60
72
2054
62
70
1895
66
77
1193
67
71
1215
67
75
1524
69
79
1538
74
77
891
