0
22
3153
0
48
5067
1
4
384
1
60
10630
2
6
1041
2
23
2662
3
12
696
5
17
1580
6
14
580
6
17
1566
6
21
3331
6
27
2202
7
40
8652
7
53
4494
8
16
1665
10
30
1296
11
18
473
12
25
1254
12
62
4278
13
17
424
13
23
1554
13
29
1370
15
31
2543
16
24
1596
16
35
2382
17
31
1535
18
29
2869
18
53
2955
19
27
1626
19
37
2472
23
34
2071
25
33
818
26
35
1451
30
42
1519
30
45
3029
31
43
1432
32
38
866
32
49
3647
33
55
2367
34
51
1818
35
42
1809
36
51
4190
36
61
4390
37
40
574
37
57
1998
37
58
2393
41
47
1509
43
51
1040
43
61
1960
44
49
1369
45
54
2476
47
59
1425
48
62
1819
50
57
700
50
61
882
52
60
1323
57
63
519
