0
8
819
1
9
1446
4
118
24365
13
26
2248
15
30
3795
18
27
1032
18
35
3180
20
29
1268
24
45
4206
38
42
563
41
142
22580
45
65
2738
48
54
1398
55
63
865
56
64
1087
59
78
3500
66
83
2700
67
74
804
67
78
1266
76
94
4658
77
84
1249
83
84
281
85
123
7118
86
101
3703
93
96
587
93
119
2357
95
104
1062
98
112
1790
102
112
1926
105
122
1842
106
128
4630
112
137
2105
114
115
279
116
123
1184
116
125
843
120
123
806
120
134
2993
121
124
410
122
136
2962
126
136
3193
126
146
1819
128
141
1850
129
148
3307
131
145
3408
131
154
5445
138
144
910
142
154
877
144
154
2188
