5
240
36562
26
222
37392
30
45
3091
32
56
3844
42
51
2053
51
58
1423
62
75
2852
72
438
31440
76
81
1326
78
89
1092
91
99
1677
95
112
2366
102
198
15913
111
131
2576
121
135
1250
131
147
3215
142
150
1348
143
156
1538
163
168
1038
168
174
1220
182
192
1716
185
188
650
186
198
1286
186
209
5448
192
218
3935
194
203
2413
204
208
313
204
215
1643
230
253
6285
252
271
4685
257
285
7284
265
272
2186
270
390
29577
282
294
1163
298
312
2547
300
324
4249
315
336
6191
319
344
6272
331
340
1766
358
375
3730
359
368
1357
386
395
1363
402
407
1112
424
434
1757
428
449
3116
429
439
1350
