0
20
1
4
19
1
6
332
1
27
35
1
28
51
1
30
37
1
32
43
1
65
82
1
85
99
1
93
102
1
114
115
1
115
126
1
121
133
1
140
168
1
141
151
1
143
157
1
145
156
1
148
174
1
157
163
1
157
166
1
158
585
1
164
187
1
175
180
1
208
224
1
234
574
1
241
248
1
259
275
1
259
281
1
271
278
1
271
279
1
272
282
1
288
299
1
292
306
1
299
319
1
314
329
1
319
327
1
387
405
1
395
402
1
397
419
1
399
417
1
403
418
1
404
409
1
408
416
1
412
417
1
431
449
1
434
445
1
442
450
1
456
466
1
464
474
1
493
497
1
510
518
1
518
528
1
518
539
1
524
543
1
530
543
1
541
562
1
552
571
1
556
576
1
577
587
1
