0
53
14433
2
6
712
2
6
1134
2
57
9743
3
30
2625
3
38
2564
4
45
7127
5
12
549
5
15
1868
5
24
4430
5
59
8179
6
12
852
6
22
4784
6
51
5603
8
17
1603
8
27
2886
8
30
2282
9
21
3262
9
23
2934
10
14
870
11
19
1485
11
22
1982
13
38
4555
14
26
2017
14
27
2583
14
34
4529
15
20
1095
15
36
3902
15
36
4912
16
21
1365
16
36
1402
17
20
280
18
22
427
18
30
1187
18
35
1972
18
37
5428
20
27
1828
20
28
1022
21
34
3329
22
31
886
23
24
286
23
36
1510
23
44
2270
24
35
1306
25
41
4942
25
45
3488
29
36
1170
31
43
1115
32
61
2693
33
50
3493
34
53
2420
38
43
920
41
47
824
42
46
341
43
56
1063
43
57
1613
47
58
885
47
61
922
49
53
1218
49
54
1613
53
56
454
55
61
980
