1
569
1
16
27
1
21
41
1
28
37
1
35
62
1
43
52
1
66
68
1
79
90
1
97
106
1
112
126
1
117
129
1
135
157
1
135
523
1
151
156
1
162
176
1
162
182
1
178
191
1
180
205
1
184
194
1
199
217
1
232
239
1
252
480
1
264
278
1
264
283
1
287
289
1
288
305
1
289
295
1
291
312
1
292
315
1
301
322
1
304
310
1
309
318
1
309
325
1
310
316
1
314
323
1
320
327
1
324
339
1
325
337
1
333
344
1
338
339
1
349
366
1
362
376
1
366
378
1
369
376
1
390
400
1
397
415
1
404
413
1
409
416
1
448
476
1
452
465
1
453
465
1
461
472
1
470
478
1
491
506
1
537
543
1
556
577
1
563
572
1
563
577
1
569
573
1
588
596
1
588
603
1
