2
22
4840
2
61
8710
5
13
1960
6
13
731
7
15
1734
8
27
2108
12
19
716
13
26
1873
13
31
4334
14
26
1363
14
33
3047
17
29
1700
17
40
5609
18
27
1133
19
20
210
20
29
1613
20
35
3781
21
26
1535
21
72
10333
22
36
1520
22
37
3068
22
47
5380
22
68
3248
23
36
2663
23
42
4980
24
39
4553
24
39
3902
24
45
4935
25
31
851
25
32
1777
26
33
1571
27
38
1963
30
46
1781
31
37
1564
32
52
2958
34
40
971
34
42
1256
36
48
1593
36
52
2342
37
51
1625
38
46
1421
38
51
2127
39
55
1967
39
61
4547
40
54
3507
40
57
2751
43
68
2155
45
53
861
45
53
1142
46
57
2322
46
59
1711
47
60
2468
48
55
688
50
56
904
50
59
1385
50
63
1368
53
64
2125
56
64
1492
