0
62
11456
1
62
7712
2
14
1600
4
5
336
5
18
986
5
22
2049
5
53
6124
6
26
3363
6
26
3668
6
30
1893
7
31
3615
7
59
5174
9
20
1134
9
40
7076
10
15
686
11
17
1113
11
55
10493
14
34
5684
14
39
5360
17
21
538
17
24
1725
17
40
3374
18
41
4520
21
29
2526
21
31
1690
21
50
2046
22
30
1842
23
61
10861
25
37
860
25
38
1861
25
42
3117
26
37
915
28
36
1370
31
55
3242
32
37
1585
32
44
2878
32
50
3029
33
45
2733
33
48
3779
34
46
1857
34
49
1558
36
45
2160
36
49
1681
36
51
1963
36
53
3450
36
55
1608
38
56
2659
39
62
1427
40
48
1963
41
48
990
43
54
767
44
51
2078
44
56
1457
44
60
2864
47
53
935
52
59
2148
