8
167
34189
12
25
2400
13
171
21709
16
19
1003
22
39
1206
25
36
1459
25
176
17340
27
44
3927
28
52
4513
29
36
954
30
54
3227
31
172
12448
32
39
633
34
41
1837
38
55
2396
41
48
851
43
50
1833
47
59
2480
50
61
1865
55
65
918
56
111
4039
62
76
1296
63
73
874
63
78
2324
65
83
2367
67
80
1574
69
75
1693
73
81
1042
75
85
1174
81
100
1702
87
102
1618
90
103
2055
90
114
3373
93
106
2796
96
114
3547
105
106
479
108
133
3148
109
119
1108
114
129
4244
117
135
4306
123
130
1483
125
129
415
126
135
1630
129
145
1666
130
147
3663
130
153
5257
133
136
749
136
161
2163
144
160
2316
145
155
2077
153
170
2284
159
171
1945
165
172
1789
168
184
2625
171
179
1278
178
182
612
