0
25
2715
1
16
3078
1
47
5645
4
21
2485
4
22
3489
5
24
3169
6
16
1321
6
19
2188
7
18
1089
7
25
3733
9
27
1456
10
34
1599
11
21
3002
11
23
2011
12
17
498
13
22
1694
13
24
2918
13
30
4356
14
22
746
15
25
1020
15
26
1729
15
28
1829
15
39
3148
18
28
1189
19
44
3759
20
36
3664
21
40
1897
21
46
5942
22
33
731
24
36
1443
24
38
3903
25
34
2535
25
34
1245
25
40
3736
26
37
2235
26
43
1541
26
43
2454
27
35
1793
27
44
3374
27
47
2735
28
32
710
31
40
2552
31
48
2829
33
36
753
34
37
820
34
39
1131
34
49
4361
37
49
1054
40
43
667
41
47
497
