0
21
1
0
187
1
1
25
1
6
9
1
7
118
1
8
185
1
11
22
1
12
19
1
14
95
1
18
33
1
20
107
1
23
42
1
27
46
1
41
49
1
41
52
1
44
48
1
45
49
1
46
52
1
47
55
1
51
52
1
54
187
1
60
72
1
62
77
1
63
66
1
68
83
1
71
79
1
74
94
1
75
98
1
77
87
1
88
100
1
90
109
1
100
118
1
105
121
1
105
121
1
106
177
1
107
120
1
108
112
1
108
123
1
110
119
1
110
123
1
115
128
1
124
130
1
135
138
1
136
145
1
139
161
1
140
155
1
141
149
1
143
157
1
146
160
1
151
178
1
162
168
1
164
180
1
167
187
1
168
175
1
170
174
1
170
196
1
171
181
1
177
187
1
181
190
1
