0
4
308
1
8
1026
1
36
6740
2
9
936
2
9
743
3
17
3257
3
46
8460
4
6
203
5
20
3147
6
30
4848
7
14
1938
8
13
672
8
49
3446
9
15
444
10
15
1563
10
21
1573
11
60
5241
12
17
1065
12
58
7238
13
27
3028
14
25
1989
14
40
2062
15
60
5350
17
36
1921
18
31
2622
18
34
2653
19
57
4194
20
24
440
20
28
1245
21
27
744
23
36
3221
24
39
3426
24
43
2209
26
43
3501
28
33
1345
29
50
3168
31
56
5894
32
42
1428
32
56
2626
35
44
1518
36
55
2219
37
52
1807
38
46
2156
39
50
2211
42
64
2636
44
49
640
44
60
4120
45
54
1583
45
57
2291
46
58
2785
48
62
1115
50
64
3438
