0
84
13050
4
21
4191
7
110
16695
8
24
2245
10
26
3479
11
28
4989
12
18
1728
12
29
4575
13
23
2571
14
73
6277
17
29
2227
18
26
1020
18
37
3317
21
45
2814
25
47
2466
25
101
13539
29
38
1830
29
46
4849
30
43
2327
35
49
997
35
59
7155
36
38
335
38
49
1811
40
58
2594
41
52
1274
42
58
2633
45
54
1185
45
57
1163
49
53
1152
49
56
659
49
57
748
50
54
1412
50
72
2794
52
111
6607
54
70
2002
56
62
1089
59
66
787
61
74
1638
62
69
1869
64
77
2477
65
68
406
65
87
2806
70
75
652
73
81
1028
74
91
4155
75
86
1147
76
84
1051
78
88
1124
80
87
766
85
104
2862
88
98
2513
91
107
1973
98
105
1618
100
110
2307
101
104
537
103
109
745
