2
16
1847
15
36
2725
17
45
3463
23
251
44255
25
32
875
28
37
1202
34
201
28378
34
325
28166
52
65
1388
56
322
32590
58
80
4301
101
107
635
110
117
736
122
142
3542
125
133
1500
128
135
1070
133
140
1676
144
235
12004
145
154
2932
155
166
1114
181
198
3419
186
198
2203
201
219
3599
211
484
42936
225
377
20679
232
239
1676
236
255
2055
241
262
4489
263
274
1176
284
291
1404
285
298
3863
300
306
1148
310
319
2664
321
330
1884
335
355
1599
344
354
1060
353
367
1977
355
358
1049
361
372
1463
367
482
10836
373
384
2092
399
411
2062
404
410
500
422
454
9629
425
429
686
429
441
1501
433
450
1530
444
462
1702
482
506
2501
491
498
1764
496
510
2486
499
517
3908
506
513
697
