3
17
1
4
12
1
6
17
1
9
290
1
11
18
1
22
41
1
25
39
1
26
38
1
30
42
1
32
137
1
47
60
1
56
65
1
58
69
1
58
166
1
59
83
1
61
283
1
63
80
1
69
81
1
70
74
1
74
205
1
76
100
1
95
107
1
106
114
1
109
113
1
114
129
1
115
119
1
117
122
1
120
132
1
123
128
1
125
135
1
133
137
1
139
160
1
147
150
1
147
164
1
154
170
1
160
173
1
166
173
1
169
175
1
171
179
1
171
182
1
176
188
1
179
186
1
185
195
1
185
200
1
196
219
1
200
281
1
203
211
1
207
216
1
212
222
1
216
220
1
222
228
1
224
235
1
237
244
1
238
252
1
254
268
1
256
283
1
261
282
1
271
287
1
272
283
1
280
286
1
