1
6
770
3
15
1275
3
71
7068
3
102
12282
5
20
1401
6
22
3724
13
36
3894
15
32
4647
16
33
1686
16
37
2409
17
43
5843
22
132
17289
24
34
815
28
147
33192
33
45
3209
34
45
1785
36
54
2169
38
47
1250
41
46
822
41
47
1633
42
56
1567
42
59
4325
49
74
4502
54
136
14738
55
62
796
56
69
1192
60
68
1002
61
70
1654
62
68
1412
63
69
745
63
83
4823
68
81
974
69
74
487
69
82
1114
72
85
2809
73
77
1138
74
144
15847
76
94
2466
78
99
2556
78
133
13588
79
94
1620
79
94
2664
81
87
1471
84
99
1331
86
101
4582
87
94
856
87
101
1629
90
121
5832
91
100
1235
102
107
645
104
112
2365
105
126
3157
109
121
1222
113
120
644
115
133
4790
116
134
2170
122
127
830
123
130
665
123
146
4755
132
152
2954
136
139
649
