0
99
18295
3
13
2334
3
101
13089
9
25
1168
10
13
667
12
21
1072
13
101
17876
14
33
5469
17
34
3850
19
43
5336
21
31
1326
22
35
2821
24
27
497
26
37
1064
29
48
4318
32
119
12997
37
41
635
37
51
2480
38
94
10993
39
50
2953
42
112
8011
43
53
1119
45
59
1818
46
60
1894
47
56
944
47
116
8911
53
62
1989
56
62
722
56
63
1435
59
81
2563
62
76
1735
63
66
404
64
74
2253
64
78
4006
68
89
1971
70
78
1062
70
94
2710
71
81
1791
71
90
2528
76
91
4705
85
90
1470
89
96
1265
95
107
3256
96
104
1100
97
112
2203
99
111
2561
103
117
1571
106
118
1497
