3
15
1583
4
280
53047
7
21
1643
9
18
1132
11
19
471
13
23
1835
13
27
2389
20
31
1193
30
210
20146
31
133
17592
36
46
2349
36
48
1069
44
55
1689
51
187
12821
55
64
2104
63
70
2024
64
69
1219
64
77
1923
64
89
5143
71
84
2077
85
93
1344
87
93
778
93
101
2060
94
113
2574
98
123
6277
99
115
2036
99
120
2212
108
125
1686
115
120
932
135
144
652
146
151
797
154
161
1201
161
167
1013
164
170
759
164
171
473
168
180
1091
169
180
2206
169
234
12764
171
195
3133
174
184
1016
175
191
2270
176
195
4758
178
185
1292
180
183
770
184
189
600
195
202
810
200
208
1704
206
221
2579
214
227
2185
220
228
1068
227
239
1907
243
264
1507
246
258
1321
261
282
4436
266
281
2097
269
284
1587
278
284
1004
