9
34
1
9
425
1
14
19
1
18
30
1
19
26
1
58
60
1
58
579
1
69
82
1
69
568
1
84
88
1
84
103
1
86
103
1
96
109
1
97
113
1
131
154
1
132
137
1
141
158
1
144
148
1
157
169
1
161
591
1
240
243
1
241
471
1
248
253
1
263
276
1
267
279
1
285
301
1
288
292
1
292
296
1
295
310
1
296
312
1
333
342
1
340
362
1
351
359
1
363
379
1
377
401
1
379
389
1
391
401
1
394
405
1
420
423
1
425
440
1
440
455
1
449
460
1
457
466
1
460
470
1
463
479
1
479
506
1
486
560
1
497
506
1
501
509
1
502
529
1
504
512
1
505
517
1
523
531
1
542
559
1
543
545
1
543
560
1
569
575
1
577
586
1
584
601
1
584
604
1
601
618
1
614
618
1
