0
146
35801
4
9
1033
5
13
887
7
15
1253
13
18
1158
21
27
668
21
30
711
28
46
3373
28
48
2062
29
46
1809
29
47
4316
31
38
1941
40
43
668
48
52
423
48
117
13517
51
52
270
55
70
1737
62
70
1335
63
87
4918
63
136
16983
66
77
2651
67
81
2737
68
69
311
68
74
977
68
85
2161
70
76
1329
75
77
370
78
83
467
83
98
3607
84
105
2475
102
111
1400
103
113
1120
103
119
2269
104
144
6249
105
114
874
111
123
1843
116
130
2928
117
128
2363
118
138
2515
118
138
3467
119
130
1863
119
132
3193
119
136
1910
124
135
2360
