6
15
2091
9
110
7977
10
52
4149
10
114
12606
13
20
1072
15
21
371
20
108
12527
23
47
5355
23
80
9899
25
34
1915
29
32
659
30
48
2363
31
45
3644
31
53
5188
34
46
800
37
46
1683
37
58
3497
38
80
4549
41
51
2058
41
95
11291
44
57
1476
47
63
3037
48
63
3857
49
60
3284
51
73
2932
52
101
11998
55
59
472
56
76
2794
64
68
592
64
72
1377
65
77
2457
67
74
1756
70
91
2205
72
86
2643
72
88
1835
82
91
1694
83
97
3610
86
107
3080
86
108
3825
87
93
1111
90
109
3360
93
105
3398
94
111
2970
98
113
4223
101
110
758
108
116
790
110
117
1433
