0
10
1031
0
65
9595
1
14
2127
2
13
1629
4
11
1014
4
25
2188
6
27
4241
7
25
1519
8
56
12731
9
16
1298
10
30
5509
10
58
6354
12
27
2228
13
23
1794
14
34
5271
15
22
958
15
30
1878
15
31
2594
15
33
3090
18
26
2018
18
26
814
18
27
1742
20
42
2341
21
29
1773
23
39
2226
26
38
2060
27
34
604
27
39
1437
29
40
1160
29
41
1196
30
47
2874
30
48
1961
30
60
5016
32
33
293
33
39
1169
35
50
1203
37
38
272
37
43
1605
37
45
2240
37
49
2764
37
52
1660
37
58
1557
39
44
921
39
55
4018
43
59
2709
43
62
1422
47
61
4152
48
58
1379
48
65
1936
53
59
1240
53
66
3053
54
58
515
57
63
2049
61
66
627
63
64
274
