2
25
2866
4
15
1158
4
21
4782
5
198
20043
7
19
2988
8
21
2361
9
22
2439
10
25
3266
10
32
3709
11
20
996
12
19
972
14
19
1316
29
39
1243
29
43
3644
30
51
1597
32
55
5303
35
45
1294
46
60
2181
47
69
1859
48
50
264
49
72
3557
50
64
1493
51
66
2127
58
81
3254
60
82
1271
63
73
1928
66
81
1458
67
70
459
67
77
830
78
89
1315
93
101
554
95
111
1136
99
101
627
99
110
1103
101
124
3350
106
113
2139
110
121
1064
110
135
4309
113
124
1559
113
133
3333
114
126
1406
118
135
3944
118
140
3566
120
142
3931
126
133
871
126
142
2784
131
140
1910
132
181
6931
135
156
3277
141
149
762
143
152
1855
153
177
4152
154
169
903
157
169
2512
158
174
3252
166
175
2143
167
176
967
169
173
538
169
192
6011
177
194
3006
180
183
523
196
204
1278
