0
10
1663
0
13
2281
0
42
8831
0
46
10469
1
13
2720
2
12
1573
2
20
1998
2
41
5359
2
46
8048
3
39
3100
4
17
1966
6
12
1113
6
46
8599
7
10
502
7
20
1695
7
24
1979
9
18
1428
9
27
1283
10
23
3643
12
33
2504
13
27
2354
13
37
1923
15
22
1383
16
36
3004
18
25
1393
18
34
1765
19
33
1903
20
35
1381
22
31
624
23
28
1589
23
35
1885
24
31
1237
24
34
1754
24
40
2932
24
41
2629
25
38
3030
26
31
1747
26
31
939
26
36
2601
26
40
1072
27
32
564
27
43
2075
30
39
2297
35
36
348
36
44
1235
37
40
538
39
47
1792
42
46
1363
