0
18
1
0
19
1
1
2
1
2
141
1
3
115
1
7
19
1
11
23
1
12
21
1
14
33
1
16
17
1
18
27
1
18
142
1
21
40
1
24
35
1
25
45
1
28
42
1
33
51
1
36
49
1
36
59
1
38
55
1
44
54
1
46
128
1
49
51
1
49
63
1
51
62
1
52
144
1
63
78
1
63
87
1
64
76
1
72
79
1
75
78
1
80
83
1
82
94
1
83
96
1
83
99
1
86
95
1
95
102
1
97
109
1
99
121
1
101
124
1
102
109
1
102
112
1
104
112
1
105
119
1
105
121
1
108
119
1
109
116
1
110
125
1
111
132
1
114
126
1
114
129
1
115
121
1
117
135
1
121
130
1
125
138
1
126
140
1
129
145
1
132
141
1
141
142
1
