0
13
2285
1
21
2226
2
10
832
3
9
936
3
20
1649
5
35
6690
6
8
711
6
20
2337
6
30
3036
7
24
2457
9
32
4172
12
34
3600
13
19
747
13
32
4911
13
33
4201
14
23
1400
14
26
1163
14
29
2709
16
25
1655
17
26
927
17
27
2285
17
30
1651
18
28
2184
18
32
1977
20
27
748
24
50
3216
26
43
1367
26
44
2455
28
53
1993
29
39
2833
31
48
2355
32
52
3341
34
46
976
34
55
2277
36
47
899
38
47
1389
38
52
1576
39
51
1696
39
57
1941
39
59
4612
42
54
2941
44
54
1219
50
68
1547
53
67
3000
54
58
657
55
67
1080
55
67
2010
61
69
1373
65
69
420
68
70
648
