1
15
1
1
132
1
2
146
1
5
15
1
5
117
1
8
46
1
9
115
1
10
29
1
14
26
1
15
22
1
19
32
1
19
39
1
21
70
1
22
29
1
22
50
1
26
46
1
28
42
1
30
31
1
36
38
1
38
51
1
38
55
1
41
55
1
41
112
1
45
54
1
50
59
1
50
62
1
51
63
1
53
63
1
57
73
1
58
64
1
62
73
1
63
71
1
68
82
1
71
91
1
76
89
1
83
99
1
86
112
1
88
90
1
88
101
1
93
101
1
93
104
1
96
110
1
100
109
1
105
111
1
107
120
1
111
122
1
112
120
1
114
120
1
116
129
1
116
133
1
117
124
1
118
130
1
120
132
1
125
131
1
125
134
1
126
140
1
130
133
1
130
146
1
131
141
1
