0
4
1
1
14
1
4
10
1
4
11
1
7
23
1
11
123
1
11
136
1
12
39
1
14
26
1
17
26
1
19
33
1
19
130
1
23
138
1
25
35
1
27
41
1
27
46
1
30
133
1
34
51
1
35
50
1
35
150
1
41
47
1
41
50
1
42
63
1
43
60
1
43
134
1
52
72
1
52
114
1
55
81
1
60
81
1
62
86
1
65
76
1
70
90
1
70
97
1
72
86
1
72
137
1
73
75
1
73
82
1
75
83
1
76
99
1
77
94
1
81
104
1
82
90
1
86
90
1
89
113
1
96
115
1
96
151
1
100
112
1
100
112
1
101
118
1
104
120
1
109
125
1
110
123
1
110
128
1
115
137
1
118
134
1
119
136
1
120
125
1
124
126
1
124
145
1
129
142
1
130
146
1
137
148
1
