0
20
3039
0
37
9574
3
14
1127
3
38
4571
3
51
9048
4
8
712
4
19
2808
6
9
361
6
14
1343
6
17
1674
6
33
4874
8
20
2646
8
25
3555
10
23
2657
10
26
1949
10
30
2897
12
33
1982
12
54
9322
13
21
627
13
21
728
13
33
3022
13
37
2586
14
25
2995
15
39
7295
17
30
1261
19
26
2276
19
28
877
19
35
1942
19
36
2132
21
32
1699
22
34
2927
23
29
1127
24
41
2725
25
37
1242
25
45
2240
26
30
454
26
39
2412
27
42
3157
27
49
4247
28
40
3531
31
32
477
31
42
1091
31
43
3632
32
37
383
34
40
835
35
37
533
35
47
1485
42
50
824
46
54
840
