1
10
1
8
18
1
23
35
1
26
37
1
28
257
1
38
136
1
41
58
1
44
68
1
59
87
1
61
150
1
63
74
1
70
84
1
74
86
1
79
90
1
81
101
1
86
100
1
93
112
1
96
107
1
114
130
1
126
150
1
128
134
1
131
143
1
141
156
1
143
150
1
143
156
1
146
152
1
148
171
1
149
166
1
162
177
1
163
170
1
167
172
1
170
185
1
175
181
1
180
182
1
182
192
1
187
211
1
188
198
1
192
211
1
199
219
1
200
207
1
200
208
1
200
217
1
201
224
1
202
208
1
208
221
1
219
227
1
223
233
1
223
234
1
229
255
1
234
250
1
234
255
1
238
259
1
243
249
1
245
256
1
272
288
1
275
287
1
283
306
1
287
307
1
289
303
1
289
313
1
293
307
1
297
306
1
299
309
1
