13
23
1
14
25
1
63
311
1
73
536
1
83
96
1
127
139
1
134
146
1
140
165
1
159
167
1
159
431
1
167
188
1
168
176
1
169
177
1
172
472
1
174
180
1
176
185
1
186
199
1
194
218
1
210
227
1
223
233
1
223
239
1
237
255
1
244
256
1
252
253
1
253
268
1
254
393
1
268
288
1
275
287
1
279
298
1
294
299
1
296
304
1
299
304
1
309
315
1
334
343
1
346
352
1
350
357
1
355
364
1
369
384
1
377
399
1
385
399
1
401
406
1
405
417
1
406
419
1
407
413
1
418
425
1
420
438
1
469
487
1
487
494
1
495
506
1
517
530
1
518
525
1
522
530
1
522
531
1
531
545
1
536
539
1
