1
25
5687
5
20
3985
11
272
15600
12
31
2623
12
31
4738
18
35
4997
30
39
1620
37
45
1231
43
50
994
49
61
2214
54
57
701
62
87
5709
63
73
2551
65
87
2668
66
72
827
67
79
2395
68
80
1626
74
95
3224
76
84
1294
76
92
3969
76
94
5243
89
108
1550
92
98
1283
94
105
1508
98
187
15048
99
113
1277
104
110
989
105
122
1810
105
128
3045
109
124
3305
112
125
2697
115
125
970
122
131
769
122
136
1364
124
136
1525
126
143
3004
130
138
915
130
144
1350
131
144
2333
139
154
3258
148
159
1890
158
173
1508
172
183
1208
182
209
2964
185
200
1495
198
216
1572
207
267
6173
208
212
1179
213
217
398
216
274
9503
230
248
3408
233
239
820
238
243
677
239
250
1941
247
252
813
