3
547
90985
5
565
77253
12
559
87556
15
27
1384
17
29
2254
44
49
865
70
556
115024
77
94
3697
84
567
41558
94
99
915
95
109
2392
110
118
879
111
122
2727
120
128
1195
137
149
2286
150
163
2961
156
164
1569
157
168
962
169
172
462
186
194
1619
192
199
824
224
243
4547
245
264
4547
249
256
1063
264
268
620
265
273
931
265
277
2145
269
281
975
276
282
870
283
304
1717
288
307
4000
291
297
1944
293
520
46998
319
343
5307
365
377
1145
368
384
2812
382
391
1613
396
415
1702
404
408
827
411
422
1423
416
435
1826
421
440
3658
430
439
683
451
455
1093
469
480
2176
477
482
656
479
498
1899
481
496
3899
484
497
2497
491
507
2270
500
505
1183
502
517
2022
506
516
1553
513
528
2787
528
543
3247
540
552
932
545
546
352
