0
12
1454
1
7
844
1
26
2647
2
70
9214
5
10
456
7
12
1061
7
26
2493
8
60
3963
9
15
1067
10
20
2475
10
25
2079
12
35
4080
13
35
4208
13
64
7378
14
22
880
15
24
853
15
32
1943
16
26
1134
16
29
2072
17
22
895
18
40
3568
19
62
9176
22
53
6899
23
33
1347
25
39
2397
27
36
1767
31
48
1715
31
50
2071
32
40
1197
32
53
4041
34
49
2787
37
55
2190
37
56
1721
38
58
3887
39
53
2977
39
58
4395
40
51
1413
41
42
523
42
51
1647
43
56
1665
43
60
2391
45
51
1583
45
51
627
46
49
906
46
54
1147
46
55
1321
48
54
793
48
66
2469
48
67
2954
50
63
1237
51
68
2684
53
61
666
55
62
1096
56
67
1245
61
70
1283
62
70
706
63
71
1500
