1
6
900
10
25
3268
19
29
1754
20
29
1507
40
50
1003
48
64
3594
56
278
23193
59
76
2929
66
82
1315
80
89
1667
86
205
10870
91
101
1289
91
102
2174
93
113
4872
101
551
82405
137
147
2030
143
154
2209
159
176
1109
181
191
663
190
200
1563
190
200
1182
194
207
2574
203
211
1272
204
220
1830
216
220
1082
226
251
4535
229
245
3213
229
257
3972
231
239
1763
240
250
2046
244
531
41168
258
272
4360
284
288
805
286
288
431
310
327
1644
329
348
1912
332
347
2282
337
353
1735
337
353
4370
338
360
2864
350
364
3645
380
388
902
401
407
533
410
557
11311
412
436
5790
425
447
1903
438
447
859
441
447
819
448
455
833
455
470
1633
478
497
2025
485
506
2035
507
511
658
508
515
989
533
534
171
535
544
1050
557
559
314
