0
5
559
8
13
1034
11
24
2545
21
45
5615
23
43
2315
31
41
1815
37
41
731
42
45
712
43
61
2826
45
164
17389
55
65
1118
60
125
5449
64
78
3133
67
81
2850
76
86
1239
78
87
2764
92
102
1263
92
108
2407
104
114
1578
105
115
2547
108
125
1279
109
132
3745
115
135
3914
124
142
3476
125
131
580
125
138
1232
136
157
1693
142
145
366
142
151
1318
145
149
493
147
161
1509
149
158
1429
159
186
3271
172
186
2267
176
181
783
178
184
1196
178
195
1223
183
190
1121
190
191
231
191
203
3461
198
212
3690
200
209
1420
206
214
1210
