1
10
976
9
18
1435
30
44
2584
53
63
1759
53
63
831
54
76
4584
67
73
1622
67
84
1955
72
438
30305
81
87
771
86
94
1406
89
95
1307
89
101
2446
93
110
3344
94
119
5288
97
100
407
109
119
1843
115
137
3659
122
311
30543
124
131
2024
126
148
3827
142
156
1693
150
156
1025
164
187
1880
172
181
761
186
208
6334
191
433
24758
200
218
4671
201
209
894
217
234
3749
221
230
2132
229
240
1615
241
259
2030
244
250
997
248
257
818
312
321
1756
318
338
5350
322
341
2640
327
349
3284
368
380
1591
369
390
1841
385
387
411
407
424
3712
429
441
2230
442
448
1272
444
450
520
