1
10
1524
3
120
13049
5
10
1522
6
22
2359
7
19
1641
8
138
15198
9
35
5373
11
131
17329
14
24
1770
20
133
8004
21
32
1952
24
45
1899
24
116
20185
25
39
2345
26
139
18557
30
33
748
31
46
2903
31
53
1942
33
37
660
34
104
7689
35
41
505
41
61
2582
45
54
1555
45
129
5359
48
57
1436
49
57
1324
49
85
7252
54
65
1396
55
68
3089
62
66
947
65
79
3272
69
85
2159
74
86
1313
76
79
621
77
88
1074
78
89
2005
79
95
2085
80
97
2007
80
139
5825
83
91
1146
86
87
404
86
96
844
89
113
2132
97
98
205
100
101
243
100
103
440
100
106
804
102
116
2569
106
123
4582
107
116
2161
108
120
2350
110
114
510
110
128
3927
115
134
4424
123
130
1898
124
138
874
