15
455
53650
20
37
4388
21
34
1550
41
56
4131
43
62
4861
48
61
1538
56
61
918
105
127
2466
106
113
888
111
126
1901
112
137
4955
123
131
1366
129
486
55993
155
168
3217
177
192
1930
186
208
4851
229
235
1283
243
247
515
249
253
650
250
261
1408
252
269
1456
253
268
2341
256
271
1670
269
279
1731
276
298
4312
279
287
826
286
296
1716
288
311
1964
290
296
431
290
308
3751
297
305
1007
306
321
3434
313
323
1274
336
345
2803
339
342
644
348
357
1280
354
488
16674
367
377
1622
394
409
1838
395
401
953
406
412
1251
415
418
752
419
428
1829
427
448
2199
439
447
1082
440
463
2615
442
447
647
443
454
1809
449
461
3779
453
476
2474
494
520
2594
503
511
1549
506
510
727
508
528
4006
517
527
1669
529
540
1629
541
549
1792
542
548
1677
560
580
3878
576
585
1977
593
598
355
