0
24
5638
2
75
8585
4
17
2729
5
28
2610
6
25
3154
7
8
304
7
23
5042
7
63
8168
8
77
15318
9
30
2251
9
35
4965
13
25
1633
15
17
270
16
21
899
16
22
794
17
33
1674
17
37
2544
19
24
927
19
38
5238
20
26
1452
20
47
3490
26
32
725
27
36
1507
27
41
1396
28
36
861
29
32
613
29
42
3604
29
42
2119
29
44
3258
30
44
2055
31
36
692
31
40
1605
32
62
4846
33
39
1297
34
45
1656
35
55
2623
37
47
1583
37
48
2391
37
49
1597
38
45
795
43
53
999
43
63
2156
45
46
339
47
65
4079
47
66
1208
48
58
1833
50
59
1252
50
66
3352
50
74
5408
51
58
967
52
64
1644
52
76
2189
53
65
1549
54
58
733
56
74
1453
57
72
1980
60
70
2115
61
70
1213
63
71
1405
64
65
456
64
69
503
65
76
1555
77
78
583
