6
86
1
12
21
1
13
174
1
16
32
1
16
185
1
19
30
1
20
47
1
21
41
1
22
28
1
22
31
1
23
37
1
25
43
1
32
160
1
37
43
1
45
56
1
45
66
1
47
55
1
52
67
1
52
135
1
57
59
1
57
63
1
58
69
1
59
69
1
59
70
1
61
62
1
61
89
1
63
83
1
65
77
1
75
89
1
76
82
1
97
110
1
98
104
1
105
115
1
111
123
1
118
129
1
119
126
1
122
138
1
126
128
1
130
134
1
132
144
1
134
158
1
136
143
1
140
156
1
141
164
1
143
160
1
146
165
1
152
176
1
153
164
1
155
161
1
159
165
1
160
168
1
164
168
1
165
186
1
170
173
1
170
189
1
179
182
1
182
186
1
191
192
1
