0
90
14355
1
7
719
1
9
1589
2
67
10337
5
11
1747
5
14
1026
7
19
2695
8
26
1713
10
66
13815
13
28
1935
13
30
3151
15
98
12194
16
40
3464
17
25
1640
17
38
3308
18
28
1396
23
26
709
24
30
1552
24
32
942
26
28
314
26
38
2016
28
44
2624
31
54
4887
32
41
1139
32
46
2378
32
46
3360
36
46
1713
37
48
3113
37
54
2006
41
51
1323
42
47
1243
42
50
1235
42
57
1962
45
56
820
48
57
973
52
65
1548
53
68
1926
53
72
3099
53
75
3780
55
69
1598
58
73
3634
58
78
3960
62
72
1213
62
78
2268
65
78
2757
66
72
581
66
76
2374
67
83
2198
69
85
2237
73
89
3252
73
91
2399
75
81
845
77
86
1500
78
93
1641
79
88
1225
83
89
960
84
101
1236
85
92
1405
86
94
1566
90
98
1759
95
101
1210
