1
14
2755
1
21
1606
1
60
14752
5
20
1834
6
48
5229
8
17
861
10
18
681
10
26
2885
10
31
2935
10
63
11560
11
38
3636
13
29
2985
13
33
2782
14
24
2182
14
26
1608
14
28
2526
15
19
465
16
29
2415
17
24
1259
18
44
3548
22
40
2182
23
38
2400
24
33
1536
24
42
3907
25
38
2890
26
43
3125
27
35
1717
27
37
1980
29
48
4014
30
42
1320
30
53
4358
32
40
1168
33
37
699
33
52
4518
36
60
5548
37
49
1451
38
40
433
39
55
1614
39
60
5052
41
59
5211
41
61
3523
42
46
846
42
52
1658
42
62
3824
43
62
4328
44
63
5285
45
53
644
46
60
1230
46
62
1493
47
61
1214
56
60
721
