0
12
952
0
18
2537
1
8
1387
2
17
2055
2
24
3906
6
13
1149
19
30
2213
19
34
2173
21
25
1275
21
47
2851
22
34
2843
23
51
3482
23
114
16927
25
42
2874
31
45
3239
36
56
2767
37
43
1585
37
50
2315
40
56
2979
42
52
2482
43
51
1303
44
60
1653
50
65
1822
53
61
742
58
77
3404
62
72
1617
62
74
1756
62
88
2641
64
94
3216
65
91
2782
68
77
721
68
95
5266
70
94
2909
71
78
546
73
90
3374
76
82
528
76
94
4316
78
100
4973
81
87
799
82
98
3784
86
94
834
86
98
1163
91
94
229
96
108
2509
100
112
2790
102
113
1271
104
117
2004
