0
59
12876
1
14
3424
1
57
7006
2
20
1951
4
16
1292
4
17
975
5
13
1114
6
12
1799
6
20
3060
7
8
402
7
19
1237
7
25
2262
7
50
7621
9
14
656
11
29
2728
11
30
4176
11
47
7372
12
20
1077
13
24
2873
13
32
1391
14
23
2427
14
25
1168
14
35
1651
16
33
1541
16
39
3722
16
57
5250
18
27
2786
18
31
1557
18
33
2604
18
36
5587
19
34
2148
19
37
1805
20
23
452
21
30
704
23
40
3534
24
30
539
24
41
2051
25
31
910
25
37
2567
26
51
3025
27
36
2517
28
31
749
28
41
2955
30
32
405
30
34
414
30
38
923
30
56
6544
31
43
1413
31
45
2718
32
42
967
32
52
2949
34
49
1173
34
56
4233
35
40
701
35
54
3342
39
52
2586
40
45
1535
40
50
1329
42
49
1592
42
56
1446
