0
308
1
2
7
1
3
16
1
5
82
1
7
9
1
8
16
1
17
34
1
17
269
1
24
45
1
27
38
1
27
44
1
28
35
1
28
52
1
29
288
1
30
34
1
36
47
1
37
54
1
44
55
1
45
49
1
51
64
1
58
61
1
61
271
1
62
77
1
65
76
1
71
83
1
74
83
1
80
100
1
82
92
1
84
101
1
88
98
1
90
106
1
99
116
1
101
110
1
102
114
1
118
126
1
123
145
1
155
172
1
156
167
1
160
170
1
161
171
1
166
174
1
167
174
1
174
177
1
179
194
1
186
200
1
198
215
1
209
216
1
217
231
1
217
239
1
223
230
1
223
235
1
237
243
1
238
251
1
241
244
1
248
272
1
265
272
1
272
278
1
274
276
1
281
301
1
283
287
1
292
305
1
304
306
1
