0
18
3089
0
20
3043
0
23
4158
1
18
1285
1
25
3357
1
67
6351
2
11
693
2
23
2330
4
26
2258
4
62
7850
6
14
1485
6
20
982
6
27
1730
7
25
1429
7
26
3171
8
11
770
9
11
389
9
19
2095
9
32
3533
11
26
3196
11
39
2515
13
37
2330
17
20
483
17
21
1114
17
31
2312
19
34
2166
21
34
1242
21
42
2294
25
45
2375
25
62
4857
26
48
4170
26
64
4893
27
35
999
27
46
2521
29
39
1579
29
41
2090
32
42
1742
34
40
905
35
43
604
35
46
2138
37
62
3634
38
47
967
38
53
3261
39
52
1645
39
57
2506
43
53
2002
46
53
1314
49
61
2375
51
57
732
52
65
2721
53
67
3068
54
64
2213
56
65
1279
59
69
1834
65
68
342
66
67
268
