0
63
15319
1
3
221
1
13
3771
2
4
210
2
23
6003
2
50
8954
2
62
9576
3
13
1099
3
48
4867
4
51
4322
6
28
3304
6
69
14049
10
16
1193
13
68
10246
15
36
4753
15
47
9087
15
64
7756
16
26
1374
16
34
1496
16
49
4018
16
54
8096
19
24
982
19
33
2166
22
37
2715
23
31
1241
23
33
1598
23
45
3382
26
42
2922
26
49
2237
27
33
706
30
43
2381
30
49
4556
31
37
938
31
50
2328
37
46
1524
38
56
1788
40
51
1308
41
63
2751
44
56
1360
46
53
976
47
52
1465
48
57
1020
48
62
2280
48
62
2137
49
54
580
51
60
888
53
66
975
63
64
219
63
69
1245
