1
2
393
2
39
4797
3
17
4198
4
11
1685
4
13
1303
5
15
1620
5
19
2688
5
19
1021
6
21
3653
7
31
3876
8
30
2737
9
30
2765
9
31
2153
9
40
4259
11
51
6836
12
18
797
14
24
2002
15
36
2330
16
21
706
17
29
1439
17
29
1137
17
40
2282
18
29
1067
18
42
2029
20
26
1618
21
39
2861
21
42
4276
22
28
1068
22
37
1673
24
40
3441
25
35
2352
25
49
5326
27
45
2788
28
32
966
29
38
644
29
38
1036
31
37
1018
31
39
2045
32
43
2605
32
47
3079
33
51
2205
33
53
1682
34
46
2017
35
47
1745
35
52
3743
36
46
1211
37
46
1249
38
47
2398
38
47
1098
38
48
2814
38
51
1628
39
45
519
39
48
1153
41
46
1600
42
54
2051
43
48
1497
44
48
1059
