0
13
2988
2
18
2581
3
17
2293
8
17
2483
9
22
1817
10
26
1989
10
101
15733
11
23
1980
12
14
235
15
27
1103
15
68
11190
16
40
3227
17
24
974
18
42
2145
19
69
5858
20
29
1195
20
32
2622
20
44
3091
21
28
792
22
42
3141
22
93
11401
23
34
1488
24
34
1858
26
30
288
27
106
14394
31
54
3000
35
40
739
35
49
1908
36
38
447
37
99
6926
39
46
837
39
51
965
42
54
1124
43
52
1786
50
57
589
55
59
841
55
63
1972
55
63
1162
55
64
771
57
72
3536
57
72
3270
60
72
1501
60
79
2708
61
83
3978
63
67
507
63
73
2158
64
81
3451
68
84
1385
72
75
1015
73
86
2997
74
81
1102
75
94
2354
76
82
1631
78
97
1909
79
83
325
79
84
1019
80
87
1530
80
91
1303
80
100
2554
81
86
1540
84
87
954
85
88
426
86
94
1989
91
99
1917
