1
22
1
2
4
1
2
8
1
3
5
1
4
11
1
5
15
1
6
126
1
10
18
1
10
107
1
11
31
1
11
96
1
13
22
1
15
26
1
15
28
1
18
28
1
19
23
1
21
47
1
22
30
1
23
125
1
25
43
1
31
33
1
31
41
1
31
121
1
32
39
1
34
40
1
35
45
1
38
44
1
42
48
1
42
57
1
44
52
1
44
61
1
51
70
1
53
69
1
57
68
1
60
78
1
60
100
1
64
74
1
68
83
1
69
80
1
71
82
1
74
80
1
75
81
1
75
97
1
78
92
1
79
87
1
87
94
1
88
94
1
89
93
1
91
106
1
92
104
1
95
101
1
96
103
1
98
113
1
99
104
1
100
107
1
103
126
1
106
112
1
107
120
1
108
118
1
111
120
1
113
114
1
119
125
1
122
124
1
123
126
1
