32
41
1112
42
45
315
51
56
1127
73
80
928
89
94
738
91
100
1770
106
116
1119
114
117
310
150
423
43919
154
163
2603
163
164
308
174
180
1223
175
189
1612
177
188
1542
180
196
3375
183
191
612
193
203
1017
197
205
706
197
214
3662
199
204
613
200
209
1050
222
236
989
227
228
420
231
239
1018
231
246
2101
237
253
3136
243
260
5266
249
258
958
279
288
2357
281
290
2473
291
294
522
300
302
291
323
344
3750
332
335
390
334
337
352
343
367
5916
360
375
3002
364
374
1393
366
374
954
377
387
1931
387
397
2314
407
425
3510
417
439
2725
431
437
991
441
445
665
448
465
3099
456
471
1564
460
462
235
468
484
2451
