1
103
21007
2
8
806
8
22
1129
9
169
15935
13
33
4164
16
68
6351
23
37
3940
25
46
3483
26
51
4057
30
44
1290
36
41
660
43
66
3786
45
59
4106
46
57
2482
49
59
813
59
66
1243
59
67
2559
65
82
3100
67
75
1143
74
89
1213
74
135
9778
76
82
913
76
83
864
79
95
1414
81
88
1792
85
97
1391
86
91
1403
87
96
1160
87
99
2534
88
100
1541
90
101
1963
95
98
315
95
111
3753
98
103
1483
98
115
1850
103
111
1006
104
129
3701
110
123
2514
129
131
617
137
153
1678
139
143
408
142
144
306
143
157
3491
144
154
1760
147
173
6088
149
167
4046
150
161
1023
154
167
2019
154
180
2079
156
167
1739
158
168
1392
159
168
1949
167
174
1850
171
184
991
176
192
1990
177
184
2062
178
185
1547
179
193
2136
180
199
2590
183
196
1297
