2
9
1651
3
6
308
3
10
1761
7
14
1152
7
16
705
9
25
2949
14
23
1661
15
26
1490
16
25
1944
16
29
1653
19
26
805
22
24
217
22
44
3610
27
43
2659
27
44
4535
28
52
2625
28
93
13375
30
35
834
30
39
1642
32
42
2190
33
45
1476
33
53
5898
34
45
872
35
43
1417
35
51
2633
38
58
4664
41
53
1278
44
46
343
44
65
5079
46
56
1748
47
61
1439
48
56
2210
50
63
1892
53
63
2188
59
67
1489
61
85
2325
62
69
825
64
78
2125
66
68
233
66
72
1020
66
78
1519
66
87
5090
67
79
934
68
72
519
69
73
1041
69
86
2264
70
88
3067
72
85
1849
73
81
963
73
93
4801
73
94
3667
74
79
1158
75
90
2023
76
81
1279
76
92
2437
77
91
3109
77
93
1679
81
86
514
82
92
1354
83
92
1000
85
95
2519
95
103
1212
