0
568
1
2
20
1
18
251
1
25
39
1
32
554
1
37
40
1
39
48
1
47
65
1
48
73
1
55
538
1
56
66
1
68
542
1
84
98
1
92
100
1
101
109
1
108
121
1
114
129
1
129
136
1
146
164
1
150
161
1
157
170
1
165
387
1
189
207
1
199
204
1
214
235
1
222
239
1
254
276
1
255
258
1
264
274
1
290
299
1
296
300
1
315
331
1
320
328
1
326
343
1
339
343
1
348
361
1
351
363
1
362
377
1
366
378
1
383
411
1
400
408
1
402
419
1
408
421
1
412
424
1
427
437
1
427
453
1
434
446
1
440
453
1
441
452
1
464
476
1
492
501
1
497
508
1
499
519
1
508
531
1
529
538
1
535
550
1
549
556
1
566
579
1
569
586
1
