0
2
413
0
15
2604
2
25
2503
4
24
4019
4
60
12915
6
12
1641
6
17
1833
6
18
1549
8
12
407
8
92
7776
9
29
4369
10
15
1242
10
17
462
10
17
726
12
17
1150
12
28
1637
14
20
1457
14
22
1087
14
27
2436
14
72
10787
14
92
8906
20
31
961
21
32
2390
21
40
2309
23
38
2191
23
43
2810
24
33
850
25
41
2052
25
46
5640
31
53
2437
33
43
1879
34
42
507
36
49
2566
38
64
2251
39
63
3682
40
52
2070
41
54
2796
44
52
1384
45
51
1404
50
54
612
54
64
877
55
67
1338
61
79
3329
62
86
4001
65
80
1887
67
76
1578
68
78
1666
69
81
1813
70
71
286
71
82
887
73
86
1157
76
84
1172
76
89
2071
82
93
1567
84
90
671
84
92
1133
85
92
693
