0
5
888
0
12
2278
0
17
1990
0
39
4524
0
44
4922
0
48
10291
1
7
767
3
17
2719
3
24
1793
4
22
2720
4
29
4926
4
31
5084
5
17
897
6
16
2306
9
23
2652
10
20
1265
11
16
937
11
32
3360
11
42
7209
13
21
2354
13
26
1447
13
33
2221
14
20
614
14
23
1128
14
29
1657
14
37
5446
16
26
1487
16
28
1610
18
22
726
19
26
1466
19
35
1838
20
29
1387
21
27
944
21
39
3441
22
27
1323
22
29
1093
24
28
851
25
35
2134
26
46
1951
27
32
1195
27
39
1796
28
43
1791
28
44
1327
28
47
5323
29
34
415
31
42
2118
33
46
1092
39
44
470
40
48
1173
41
46
975
