4
24
2245
33
506
84381
42
374
36404
43
54
2038
44
567
60922
47
58
3062
81
88
1084
104
114
2440
110
132
3032
115
130
3286
133
150
2038
135
143
2280
142
159
2126
148
156
830
152
163
1362
160
179
2682
172
185
3163
181
189
1244
192
203
801
193
210
1348
207
214
1346
222
225
823
222
236
3486
224
245
1484
225
230
1189
225
239
2207
234
246
1519
243
257
1286
245
255
1566
264
283
2487
291
301
1202
326
339
2573
328
342
2597
340
362
3296
342
351
1117
356
377
4505
362
369
891
370
392
3761
372
384
2510
380
405
2937
381
396
1196
394
409
2658
414
428
2693
426
433
958
431
443
2059
437
445
789
443
452
1368
447
469
3855
469
482
1018
469
483
1537
470
480
902
478
490
1563
486
506
1819
488
507
1679
522
529
857
523
547
3599
530
537
1691
532
535
487
571
575
896
588
594
1297
