0
21
2980
6
100
10572
13
39
2619
14
160
18142
15
28
1902
16
21
1443
19
21
659
24
42
3767
24
152
16809
29
52
3712
29
55
4515
30
46
2297
36
53
2910
37
53
2543
40
47
1594
42
46
806
45
193
37738
50
69
3104
51
54
665
57
74
2659
58
79
1332
61
166
17103
62
80
2953
66
80
1300
70
87
3029
77
86
1351
77
95
1624
78
86
1373
78
104
5136
80
98
2873
82
83
449
88
122
3045
93
101
732
96
104
1503
98
115
2251
100
119
3563
112
121
1000
114
117
596
117
121
1371
118
137
2903
119
127
1212
124
127
488
131
155
2945
132
203
17629
135
146
1359
135
161
2348
139
159
1727
143
164
5087
145
147
643
148
164
3927
149
163
2673
150
172
5732
154
162
1735
154
179
2333
165
188
4243
168
183
3104
177
186
1979
178
193
1771
180
188
2179
180
197
1545
182
184
719
