0
187
17171
1
14
2006
3
15
1071
5
27
3409
6
28
6419
7
16
1369
7
29
2066
8
89
5670
11
33
2512
27
46
3772
27
49
4115
28
49
2377
30
34
855
31
143
19902
35
48
1753
36
40
482
41
61
3451
41
64
3322
44
186
22062
45
56
1231
46
182
19417
48
57
2463
48
67
3580
56
71
3264
57
69
1657
60
73
1950
61
70
1100
73
96
3432
76
89
2998
78
106
3043
81
88
1292
82
83
293
82
107
2056
85
89
1330
94
104
2541
96
129
3155
101
112
1752
104
110
718
106
116
1689
110
124
2532
113
121
1955
114
133
2330
118
132
1036
123
133
1023
123
145
2132
126
143
3337
127
138
1241
132
154
3172
144
165
2097
149
158
1404
149
162
3554
152
159
1703
159
174
3199
163
170
1234
164
177
2206
172
177
323
173
176
320
182
191
1803
