0
9
1528
0
56
8955
0
68
7688
1
16
1332
1
60
4913
4
10
494
5
12
1342
9
17
1227
10
20
3030
12
34
2436
12
37
3916
13
62
9179
14
16
431
14
61
3471
15
29
1843
15
37
2422
16
24
1468
17
26
1050
17
39
2288
20
26
739
20
36
1635
22
28
1756
23
39
1731
24
35
1700
27
37
1786
27
44
1515
28
37
1749
29
40
1677
30
39
1691
30
47
4146
31
42
1007
31
46
1597
32
33
154
34
41
1471
37
40
352
41
52
1407
43
55
1140
44
51
1598
46
54
2121
47
57
2077
48
53
1072
49
57
1428
49
63
1596
50
68
1556
53
65
1247
56
60
1104
57
64
827
59
67
2026
