2
234
32086
3
14
735
6
25
1355
7
15
855
10
179
45053
21
42
2784
33
47
1114
34
51
4282
35
47
1026
39
60
3866
40
61
2635
42
50
832
43
49
429
56
230
32150
60
66
1095
67
79
1557
74
222
28854
89
96
1210
91
107
2807
92
116
4200
99
107
1276
101
116
1561
124
136
2466
129
153
6296
129
156
5552
130
145
1670
132
138
1374
135
138
769
136
161
4370
138
159
1545
148
158
1460
150
164
2148
155
161
1195
167
183
2383
172
181
2552
179
200
4499
184
192
1233
189
200
1108
190
196
1124
193
204
2812
197
204
1606
201
214
1578
204
219
3573
206
215
810
212
222
1351
217
220
369
223
234
1362
