2
8
707
2
10
2132
4
9
1436
5
19
2151
7
17
1794
9
26
3118
9
29
1633
12
31
1933
15
26
1170
16
117
21061
17
28
1861
18
31
3825
18
77
11994
19
44
4027
26
48
2134
26
106
11571
34
44
1142
34
114
8143
37
58
2797
41
56
2973
41
58
1924
41
109
5353
43
52
1066
45
64
4466
45
113
5114
47
56
2311
47
60
2800
48
60
738
49
61
2475
49
63
2322
49
67
2794
52
68
3066
53
71
1396
54
64
1981
57
74
3501
58
107
6336
59
62
351
59
67
2056
61
73
1011
61
81
2009
65
72
592
70
81
2266
79
93
3592
82
89
429
82
95
2959
84
93
1705
86
93
709
86
106
2336
86
107
5377
90
103
1572
93
111
3035
94
99
585
94
114
2857
98
102
454
102
109
928
108
114
764
108
117
2044
109
112
402
109
116
953
