2
8
1923
2
14
2433
3
17
1916
4
164
13434
6
155
16196
7
22
3526
8
27
3999
12
25
2987
24
42
2270
34
46
2205
34
49
1100
42
54
1742
49
61
1742
52
65
1206
60
71
993
61
65
992
62
72
2091
63
83
2560
66
72
996
68
77
2587
68
83
3990
70
73
1072
71
77
763
74
93
1801
75
81
986
76
90
1503
79
102
7009
79
160
7180
89
93
454
91
95
843
91
109
2435
92
108
2514
99
119
2087
102
105
446
105
115
1037
107
117
1058
108
120
1310
118
132
3498
121
144
4686
123
148
2613
130
158
2751
136
145
801
136
145
1798
138
148
997
139
142
741
142
150
888
143
155
3466
144
160
3860
151
159
1928
155
164
1813
