0
58
3482
0
67
7711
1
8
1216
1
19
3056
1
20
4003
1
25
3397
2
50
5674
3
51
4874
5
17
1073
5
28
4337
7
14
1303
7
32
3814
7
52
3304
9
25
2218
10
20
2818
11
20
2538
14
40
6831
14
60
3218
15
21
896
15
23
821
16
36
2093
17
32
3320
17
59
6580
18
64
11793
19
32
1205
20
34
1495
20
61
5041
21
25
1107
22
68
8107
23
33
2016
24
35
862
25
46
3000
26
38
1123
26
42
3403
28
44
2680
30
40
1734
34
45
1520
34
52
1224
36
49
2176
37
55
5559
38
52
1295
39
45
440
39
56
3233
40
60
2760
42
49
1446
44
65
3051
47
48
293
52
69
3428
53
63
971
