0
115
1
1
12
1
2
11
1
3
5
1
3
104
1
4
20
1
4
23
1
5
116
1
6
14
1
6
23
1
6
87
1
9
23
1
10
13
1
10
27
1
10
32
1
16
20
1
17
36
1
19
117
1
22
41
1
25
90
1
26
44
1
30
48
1
33
52
1
34
48
1
38
52
1
41
50
1
44
49
1
46
69
1
50
119
1
51
55
1
54
58
1
56
71
1
57
69
1
59
75
1
64
74
1
67
85
1
67
120
1
68
86
1
70
92
1
74
81
1
76
92
1
78
83
1
78
88
1
79
101
1
80
90
1
82
98
1
86
99
1
89
115
1
98
121
1
99
111
1
100
111
1
101
113
1
101
115
1
104
108
1
106
115
1
106
120
1
108
117
1
108
120
1
109
116
1
113
118
1
118
119
1
