0
8
1088
0
50
7254
1
10
1106
1
41
8771
2
10
529
2
20
1213
2
54
4346
4
12
1804
4
39
5749
7
13
1213
7
57
8000
8
15
1370
10
12
366
12
22
1218
12
25
1806
12
35
3128
13
40
6334
14
17
808
15
34
2091
16
29
1463
16
33
3352
17
20
619
17
30
3442
17
33
2958
18
33
1653
18
35
4573
18
35
4693
19
32
1761
19
32
1357
20
32
1333
20
33
2106
21
27
1256
21
34
2269
23
43
3775
23
47
5818
24
27
296
24
38
4265
24
41
4954
28
43
1791
30
42
2748
31
57
4942
32
43
1683
33
43
923
34
40
729
34
48
1776
35
43
1638
36
55
2796
36
56
1640
37
49
3403
37
52
1850
38
46
930
38
50
2472
38
53
1438
40
51
1158
41
46
997
43
52
956
44
48
555
48
58
980
49
59
1432
51
55
460
