6
12
1686
10
21
1352
23
37
4067
27
44
3142
34
46
1875
34
49
2289
36
49
3029
40
146
16954
40
306
32861
42
54
1367
46
54
1151
59
83
4516
66
77
2949
79
80
233
79
91
2164
80
102
3193
83
95
1124
85
92
1512
90
95
659
91
106
3723
93
100
2323
94
107
1539
94
112
2997
107
119
2298
110
128
2154
112
126
1485
113
120
1792
115
135
1874
118
130
1426
123
268
9216
125
134
1552
140
163
1684
142
166
4889
166
175
1117
171
187
1450
173
186
1259
180
196
1081
180
197
1039
185
203
1700
192
203
1022
193
207
1499
194
205
2449
196
219
6203
199
205
515
202
212
1497
206
221
1955
211
230
4734
213
227
1897
222
230
936
226
236
1670
233
249
2300
235
248
2372
235
249
1994
236
248
2325
241
255
1454
248
259
1158
248
270
2497
282
294
2195
286
295
1948
289
303
1539
290
306
3168
294
302
1162
