0
8
857
1
5
432
2
25
2232
2
44
7703
2
106
14509
3
15
1573
4
13
987
9
32
5283
9
99
10234
15
24
1469
15
25
2678
16
25
2001
16
31
2576
22
55
2613
27
36
1102
28
39
1940
28
41
1570
28
41
1161
30
46
2397
33
42
1515
38
52
2545
42
51
1194
44
46
836
45
55
1391
49
62
3850
51
73
2420
53
61
950
53
92
4393
54
76
3493
61
87
6432
63
80
1611
64
72
625
64
74
3169
66
82
2350
68
79
1621
68
83
3066
69
92
2209
69
96
3518
73
81
1241
77
99
1783
79
94
3305
80
83
973
82
100
3705
82
105
5222
85
106
1440
89
103
1633
91
94
353
91
105
1658
92
98
795
93
106
1614
94
100
504
95
106
1305
99
103
515
101
103
294
