1
55
7858
2
44
4098
2
51
7294
3
20
2679
4
52
5900
5
14
1348
5
22
1953
5
27
5023
5
39
6575
6
18
3156
6
19
1675
7
10
719
7
11
431
8
14
744
8
22
3588
8
28
3036
9
17
1161
9
22
1156
9
29
4996
9
39
3781
10
28
2448
11
20
707
11
30
3233
12
23
2530
13
27
1452
14
23
1325
14
50
4203
15
28
2887
15
34
1327
15
38
3057
15
44
5262
16
33
2978
16
33
1913
16
44
2333
21
41
1716
21
49
4565
22
30
1227
24
30
1327
26
37
1270
27
41
3056
27
44
1669
29
33
468
29
49
2563
29
49
5671
32
54
5600
33
36
622
34
46
841
35
42
1897
35
48
1485
36
55
2940
37
53
1998
42
50
1201
44
49
678
44
54
1666
48
55
1185
48
55
1269
