0
15
2636
1
13
2740
6
13
1908
6
21
3155
7
92
25205
8
30
1893
10
20
1399
10
34
3242
11
28
2748
12
24
1356
12
92
8077
13
28
3220
15
22
1822
17
34
1642
18
31
1630
19
24
1136
20
25
443
20
38
1318
20
69
5410
22
33
847
23
45
3276
26
38
1046
26
48
2196
27
32
870
31
39
1059
33
43
1781
33
47
1800
34
41
482
40
55
2732
45
59
2377
46
52
580
47
55
1615
47
67
2962
48
71
3892
53
66
1259
59
69
2443
62
66
740
63
77
1180
67
78
1750
67
79
2289
68
78
1561
69
83
3414
70
79
1599
70
84
1501
71
73
319
74
93
2089
83
89
452
