3
10
1119
4
13
787
4
15
1075
6
31
5833
7
11
736
7
25
2231
9
17
1673
9
25
2786
9
28
2871
9
50
2976
10
18
856
10
22
1222
10
27
4166
10
28
2380
10
45
4333
11
19
1146
11
20
2541
12
28
2709
15
25
2127
15
26
1892
15
26
2959
15
39
3449
15
47
9077
16
42
6534
17
22
860
17
39
3478
18
25
873
19
49
6621
20
41
2464
22
31
1056
22
43
2142
23
27
731
23
35
1402
26
50
6191
28
38
1161
31
37
511
32
49
1621
32
50
3822
33
49
3931
34
44
2684
35
45
1502
35
50
1719
36
39
318
36
43
1696
36
50
4128
37
43
724
38
41
426
39
42
201
39
49
2956
39
51
3148
41
48
1665
44
47
760
