14
21
663
27
31
771
35
48
1658
42
62
1647
50
61
2096
58
369
26209
62
80
2907
73
85
1849
78
87
2168
80
96
3064
84
87
463
95
103
1363
98
120
2427
100
120
3715
110
134
6542
113
123
1806
117
132
2413
162
229
10086
205
223
1733
209
215
1301
213
217
471
216
232
2842
220
224
793
226
233
1094
257
264
2169
264
278
2575
280
290
1921
287
303
3371
304
306
870
310
324
1966
313
338
1402
322
332
1967
333
341
911
336
350
3395
337
342
1541
349
353
410
349
356
1037
360
368
1426
373
389
1016
398
411
3213
407
422
2612
414
426
1447
417
426
1217
428
443
1540
434
460
6251
439
448
2501
446
449
501
451
464
1162
451
469
3770
474
495
4486
