2
10
737
6
20
2920
7
20
2011
8
44
4739
9
13
1148
9
15
483
10
22
2531
11
18
1383
11
21
2673
12
33
5765
14
21
691
14
26
1954
15
29
1647
15
33
4791
20
27
1197
21
24
361
22
43
3301
22
46
5674
23
39
2509
24
45
4311
25
32
592
25
42
1454
25
43
4545
28
45
2106
28
49
3144
31
51
3902
32
43
2206
33
36
422
33
40
1354
33
46
1555
33
51
2662
34
43
1381
34
56
5443
36
45
1670
37
44
587
37
46
1336
38
42
1282
38
43
485
38
51
3058
38
53
3821
38
58
2640
39
43
741
39
50
2075
41
44
311
41
49
1100
42
55
1260
44
47
1171
45
51
1146
48
49
308
48
55
530
