4
24
1
33
506
1
42
374
1
43
54
1
44
567
1
47
58
1
81
88
1
104
114
1
110
132
1
115
130
1
133
150
1
135
143
1
142
159
1
148
156
1
152
163
1
160
179
1
172
185
1
181
189
1
192
203
1
193
210
1
207
214
1
222
225
1
222
236
1
224
245
1
225
230
1
225
239
1
234
246
1
243
257
1
245
255
1
264
283
1
291
301
1
326
339
1
328
342
1
340
362
1
342
351
1
356
377
1
362
369
1
370
392
1
372
384
1
380
405
1
381
396
1
394
409
1
414
428
1
426
433
1
431
443
1
437
445
1
443
452
1
447
469
1
469
482
1
469
483
1
470
480
1
478
490
1
486
506
1
488
507
1
522
529
1
523
547
1
530
537
1
532
535
1
571
575
1
588
594
1
