0
16
2578
1
18
4331
3
82
5952
4
14
2490
5
6
246
5
22
3238
5
23
1968
7
31
2917
8
25
1726
9
16
612
11
35
4234
14
25
2471
15
26
2696
15
27
3585
15
70
10074
18
67
10251
19
24
771
22
31
1020
27
36
1322
29
43
2474
31
49
3105
32
53
3475
32
53
3969
33
47
1364
38
50
2868
39
53
4080
41
61
1744
42
53
1506
42
54
1276
44
50
1302
45
59
4063
47
52
597
48
57
2072
48
63
3519
50
57
686
50
65
1817
50
66
2420
53
74
3459
54
57
1018
54
70
1745
55
67
2549
56
62
1249
58
82
4434
59
61
312
59
69
1774
61
75
1031
62
68
621
65
77
2406
67
73
1296
76
80
543
