2
4
1
7
22
1
10
23
1
21
41
1
46
58
1
54
75
1
56
596
1
62
77
1
64
70
1
73
77
1
91
101
1
110
130
1
118
127
1
119
139
1
130
144
1
161
180
1
178
182
1
189
197
1
193
202
1
196
219
1
203
212
1
205
232
1
206
217
1
208
219
1
210
223
1
221
227
1
226
240
1
233
238
1
238
253
1
258
270
1
285
306
1
295
304
1
327
339
1
327
342
1
345
353
1
364
369
1
364
373
1
382
392
1
385
405
1
403
425
1
406
425
1
411
429
1
420
445
1
427
617
1
434
454
1
441
460
1
445
463
1
450
474
1
452
462
1
472
478
1
477
495
1
485
505
1
487
490
1
508
527
1
519
525
1
526
535
1
545
557
1
545
564
1
551
556
1
560
581
1
572
579
1
573
582
1
