0
9
1276
1
9
1211
1
15
1257
2
93
17565
15
19
694
16
21
350
16
25
1671
17
27
1796
18
80
12536
19
29
1517
19
31
2447
22
33
1757
22
42
1989
30
44
2428
31
40
753
32
40
1850
32
57
3964
37
44
1277
37
47
1504
37
50
1848
39
61
2709
40
48
1752
42
43
243
44
49
1066
46
69
5973
47
61
3263
48
51
682
48
55
536
48
59
1977
48
63
2398
49
74
3223
50
52
216
50
63
1289
52
76
2242
53
59
1851
55
78
1895
56
70
1955
57
71
2066
58
63
1117
58
66
1069
58
69
2881
59
75
3546
59
78
5545
62
81
3498
62
82
1718
64
76
2542
65
82
4103
66
75
1912
67
73
1126
69
73
684
72
73
196
72
89
2410
75
94
1923
78
83
792
78
91
2416
82
95
2300
83
92
788
83
96
1944
