0
93
10409
0
117
7545
1
5
1153
2
55
4540
4
20
3167
5
106
8271
7
18
1038
8
16
2015
10
30
5626
10
95
18587
13
22
902
15
106
23511
16
18
596
17
37
2166
22
34
2847
23
26
667
24
31
1536
26
32
1183
26
39
1697
26
114
13790
27
30
1034
29
34
391
31
39
754
33
36
865
35
44
949
36
49
1607
40
51
1390
44
68
4409
45
50
838
47
57
1575
49
57
1566
51
53
597
51
64
1503
54
64
2796
55
64
1513
56
74
2964
56
78
1714
59
68
1157
60
66
1259
60
69
1298
62
84
2637
63
81
2168
64
68
692
69
88
2954
70
84
3104
70
86
3041
70
90
2475
74
85
1338
74
86
1585
75
84
1477
76
84
2093
81
100
3372
83
99
2178
87
89
431
94
103
1343
94
108
3000
104
111
835
104
113
1722
104
116
2102
