10
34
1
16
21
1
16
23
1
23
35
1
24
29
1
30
106
1
33
43
1
33
50
1
36
55
1
40
49
1
48
52
1
50
86
1
55
59
1
55
60
1
67
83
1
69
74
1
75
80
1
76
95
1
91
107
1
94
109
1
95
104
1
97
116
1
116
127
1
121
127
1
123
128
1
138
148
1
143
162
1
143
224
1
144
153
1
145
156
1
148
160
1
156
172
1
178
184
1
179
187
1
189
196
1
193
202
1
196
208
1
196
241
1
202
217
1
203
208
1
204
213
1
210
216
1
213
223
1
218
226
1
219
238
1
227
232
1
228
242
1
229
237
1
230
249
1
235
262
1
237
248
1
243
252
1
248
251
1
254
265
1
254
267
1
262
277
1
267
277
1
