0
154
1
1
17
1
1
18
1
3
12
1
3
27
1
4
18
1
6
23
1
7
17
1
7
66
1
11
152
1
18
32
1
19
29
1
21
27
1
25
44
1
27
37
1
28
74
1
31
43
1
35
44
1
35
47
1
36
143
1
37
55
1
38
39
1
39
62
1
40
66
1
42
83
1
43
88
1
44
60
1
46
62
1
51
57
1
55
74
1
57
63
1
57
68
1
58
74
1
61
81
1
64
72
1
66
80
1
68
86
1
71
86
1
79
95
1
80
91
1
82
84
1
91
100
1
93
103
1
93
107
1
96
107
1
97
103
1
98
107
1
99
107
1
103
109
1
103
127
1
109
134
1
110
117
1
113
123
1
115
124
1
118
133
1
119
135
1
120
138
1
125
136
1
130
134
1
130
148
1
138
152
1
144
151
1
