0
7
619
0
82
10214
0
85
9139
2
25
3082
8
18
1075
8
20
2327
10
17
582
10
20
2133
10
20
1136
11
15
412
11
34
2525
11
66
5366
12
34
2969
13
25
2764
13
72
16997
16
39
2447
21
46
4574
22
24
771
24
39
1637
26
35
1382
26
36
1409
26
78
5252
27
34
1401
27
58
4065
28
46
3399
32
47
1532
33
36
618
39
57
1845
40
48
1024
42
50
2315
44
50
605
44
68
4360
45
61
1842
46
58
1982
48
54
1275
49
55
927
51
52
311
51
63
1326
54
77
4235
55
67
717
56
74
1402
57
69
1635
57
81
2849
59
79
4111
59
85
4476
63
76
3498
65
75
917
66
75
2446
66
78
3481
68
74
668
68
81
2368
75
84
1510
