0
10
1346
1
10
1045
1
29
6100
7
21
1811
7
36
4465
8
16
1047
8
20
3038
10
23
1488
10
51
11490
11
21
1039
12
20
1028
12
32
1928
14
20
450
14
58
4941
15
39
3916
18
32
3064
21
33
3074
22
30
891
23
59
4808
24
26
452
25
42
4467
27
37
1924
31
38
1789
31
40
1266
32
41
829
33
41
1304
35
43
2314
37
42
491
37
50
3470
38
45
1145
38
50
1277
39
45
525
40
52
1608
42
55
2875
44
46
366
47
60
2016
51
68
3703
52
75
4782
53
59
474
53
78
4034
53
79
1918
54
62
1515
54
76
3897
56
64
2034
56
66
1734
58
67
960
59
66
1022
60
63
457
60
73
1177
61
78
1959
61
81
2568
63
69
1566
63
69
1377
63
73
1526
64
71
1334
66
74
1937
66
76
2807
66
81
2143
66
82
3201
82
85
826
82
85
677
