0
76
6343
2
71
5988
3
12
2675
3
13
3029
3
24
2213
3
75
20799
5
8
404
5
15
1291
6
10
604
6
39
6854
10
15
718
10
18
1430
10
19
2655
11
24
2054
12
14
637
12
36
4326
13
15
424
14
24
1509
16
27
1985
17
71
5031
18
29
3051
19
39
5612
20
27
1316
20
47
4137
21
28
1589
21
45
2394
21
47
3231
24
39
2647
26
30
729
28
37
2584
29
33
475
31
41
2277
32
56
3255
33
38
776
33
45
1048
35
42
1126
39
45
681
40
51
2373
41
44
498
41
47
1610
41
49
721
42
43
496
42
54
2634
45
68
2050
46
54
1479
49
57
1005
49
74
4101
50
57
1540
50
77
4961
52
61
1475
53
67
1375
55
70
2609
56
63
763
56
71
2325
60
66
1035
60
71
1670
60
77
1872
61
72
1789
61
72
3246
62
66
1339
64
72
1104
68
77
692
