0
17
2167
1
4
1049
1
17
3906
1
61
6315
2
10
986
2
11
793
2
27
5432
2
62
5696
3
6
851
5
24
3857
6
19
743
6
60
8545
7
10
650
8
12
851
9
16
1791
9
56
5328
10
19
1564
11
35
3844
12
26
2783
13
31
4351
15
25
1085
16
30
2038
19
42
2011
19
43
4289
22
49
4348
23
40
2783
25
37
3024
26
33
448
26
45
2947
27
45
4307
27
50
2884
28
42
2175
28
49
2149
30
44
2869
31
40
1237
32
44
1659
33
43
1503
36
57
2241
37
57
5327
41
55
2814
42
54
3025
42
57
1763
43
55
1348
45
54
1798
45
61
1639
46
55
2158
49
53
519
53
57
350
53
62
1498
57
61
730
