1
21
3999
1
26
3050
2
17
1815
4
22
1760
7
18
1921
8
190
18602
11
20
2124
11
26
1438
11
38
4542
13
22
1182
14
24
2584
15
18
660
27
29
780
27
49
3535
28
35
1008
28
92
7490
28
168
37710
30
39
1692
30
51
4870
33
55
2572
38
47
2398
40
55
3007
41
60
1317
42
54
2087
42
66
6233
54
68
1891
55
62
711
57
67
2139
59
72
3345
60
73
2569
62
79
3118
62
159
10611
63
72
1736
68
84
2819
69
84
969
73
82
928
73
88
2220
75
98
4267
79
99
5112
80
100
2040
88
96
1523
90
103
3471
103
113
2798
104
111
2212
105
113
1424
107
124
2467
110
123
3256
120
131
1673
124
129
615
130
143
2224
130
171
6158
147
152
625
152
156
1047
155
159
446
165
186
1368
169
178
677
173
195
2638
178
193
1661
179
196
2459
