3
16
2174
4
20
2035
4
337
48333
13
22
1311
13
26
3623
19
38
2373
41
66
3192
56
232
30517
59
61
617
75
88
1685
75
91
2295
81
90
1468
95
121
1746
99
204
24643
105
119
2307
107
231
12417
127
139
1403
135
148
1468
158
174
1919
160
176
3462
179
186
1112
194
209
1252
215
232
2661
223
233
2484
233
240
687
252
262
904
256
281
5123
261
275
2905
285
302
2250
289
290
224
293
310
2826
299
306
1112
312
321
1273
337
349
3134
368
376
719
370
385
4629
371
379
1434
375
387
2753
385
397
1363
386
403
3436
393
406
1866
395
407
1680
409
418
1326
