0
8
1592
2
17
1910
2
20
4385
3
28
4370
3
48
8045
3
51
4781
4
22
2309
4
22
2645
5
12
756
5
12
1610
6
17
1217
7
14
1600
7
31
1685
9
26
3714
10
19
604
12
28
1664
12
40
2527
12
43
4021
13
27
1312
14
24
1180
14
25
2984
14
25
1018
14
29
3324
14
30
2521
14
61
4229
15
53
8907
17
21
616
17
38
4194
19
39
2289
22
39
2992
23
24
273
23
33
1999
25
31
1224
25
35
1063
27
48
2905
28
36
834
32
43
1146
33
50
3598
34
40
1173
37
45
1328
37
60
1746
38
49
1105
38
62
2394
40
47
1021
40
53
1669
42
51
1069
47
56
1563
47
59
1090
48
55
1048
49
61
1542
52
67
2049
53
61
1580
55
65
638
61
64
349
