6
268
21426
9
20
2431
14
28
1375
17
32
2940
20
277
47159
22
26
600
33
225
24379
36
41
564
40
52
3230
42
56
2924
45
272
21498
46
281
32467
49
61
1481
55
82
2010
57
178
12505
80
94
4213
85
101
3961
86
93
1107
89
99
2069
94
162
4689
100
116
1855
105
123
3432
106
123
3227
108
114
1363
108
129
3744
110
122
1914
113
121
2105
115
132
1746
116
124
2167
136
193
13408
138
144
1098
144
157
2181
167
179
1882
170
187
2993
173
182
632
187
198
1423
193
198
1546
195
206
1510
195
209
3856
196
214
3763
203
217
1437
209
221
2165
211
218
1003
214
235
1235
216
224
1565
216
227
3209
220
226
548
222
240
1738
235
258
2438
241
250
1924
243
260
2338
244
255
1026
245
272
6412
247
262
3311
255
277
3072
259
266
2033
260
268
1392
270
290
2986
271
277
695
276
280
890
