1
17
1
3
10
1
13
16
1
15
26
1
21
36
1
25
32
1
28
31
1
29
40
1
33
104
1
37
39
1
41
107
1
42
204
1
46
181
1
52
60
1
58
68
1
58
69
1
65
142
1
68
71
1
69
73
1
70
79
1
71
82
1
76
84
1
80
89
1
81
89
1
81
96
1
83
93
1
88
95
1
91
96
1
91
96
1
91
105
1
91
111
1
92
192
1
93
172
1
95
120
1
109
125
1
111
113
1
119
133
1
120
127
1
120
151
1
123
128
1
130
137
1
133
146
1
135
139
1
139
156
1
144
151
1
145
164
1
147
159
1
147
179
1
149
162
1
156
166
1
157
169
1
158
164
1
159
169
1
159
172
1
162
164
1
162
182
1
166
187
1
167
179
1
173
183
1
183
195
1
187
205
1
195
199
1
197
204
1
