2
7
617
5
17
1463
9
18
1109
10
17
850
16
209
17047
22
41
4074
24
34
2056
28
89
11898
29
39
1297
30
38
974
30
45
1797
31
41
1778
34
36
203
45
50
904
45
65
2865
62
65
485
63
79
3342
65
83
4077
66
68
249
67
73
1402
70
78
1302
72
224
21571
85
110
2208
94
95
244
100
105
780
103
125
3100
109
122
1423
121
129
1367
121
237
12145
126
131
596
135
143
762
135
148
1715
140
151
3377
168
173
834
171
180
1453
172
177
798
180
186
1792
181
187
845
182
204
3882
186
196
783
193
209
3500
194
204
1322
196
209
2911
203
220
4508
205
211
1475
205
224
2650
206
215
2160
207
226
3056
