0
11
2267
0
18
1934
0
21
2290
1
31
7467
2
11
1134
2
30
4394
4
7
394
8
15
1009
8
28
2586
9
20
1594
9
31
5077
9
36
5440
10
21
2975
11
27
2478
11
30
2526
12
19
1684
13
35
3746
15
55
4042
16
44
1681
17
24
1846
19
25
1247
20
28
1556
20
44
2566
21
35
1639
22
27
507
24
30
850
24
38
3728
26
29
756
27
31
1274
27
40
2589
27
49
3235
28
37
1205
28
46
3694
28
52
1649
29
56
2142
30
39
877
31
37
1735
31
43
1346
32
37
931
32
42
1422
33
39
856
33
42
994
33
50
1940
33
51
3537
34
46
2676
34
48
1939
37
50
2224
38
43
807
38
43
588
38
48
2257
38
55
1964
40
56
4509
41
47
781
44
51
1404
44
53
582
46
53
998
46
54
1683
