0
7
758
0
15
3365
1
13
2198
2
50
4560
2
61
7115
3
60
10975
5
54
4544
6
15
1239
10
16
822
13
22
1918
13
30
2291
14
29
1739
15
26
2354
15
38
2777
16
27
2044
19
39
3954
20
34
1087
20
37
1511
21
37
1028
23
26
727
24
36
1770
27
44
2461
27
57
2848
28
45
2386
29
41
986
32
46
1968
33
41
1575
33
43
2352
33
57
6144
38
46
1725
38
49
1171
38
51
1582
43
46
536
43
53
2032
45
52
947
47
58
1434
48
57
2168
49
77
5128
52
63
2026
52
66
2036
52
71
3135
53
57
632
54
62
817
54
64
1021
56
70
2156
57
60
876
57
72
1453
57
76
2717
57
77
4817
58
65
1520
60
72
3334
64
72
876
65
71
467
68
77
1414
71
77
1274
