0
3
395
0
5
993
0
23
1963
1
13
1006
1
54
9045
2
8
677
2
13
1319
2
15
968
2
17
1549
4
50
6855
5
28
4499
8
30
6443
9
10
430
10
18
2029
10
20
2432
10
38
3894
10
46
2406
11
19
2156
12
24
2019
13
16
807
13
31
3892
13
32
1305
13
32
3332
13
36
2600
13
41
4588
21
32
1034
21
37
3552
24
39
2668
25
33
1953
26
33
660
27
43
4680
27
49
4972
28
50
2636
30
34
505
31
40
2286
31
55
3507
32
40
1338
33
44
2782
36
52
2378
38
41
447
38
55
1900
39
45
1827
39
54
1493
40
51
3007
41
43
305
42
46
695
42
52
2525
42
52
2214
46
55
1376
51
53
295
