3
24
1
3
567
1
9
14
1
28
529
1
35
41
1
37
552
1
49
62
1
64
71
1
65
78
1
72
85
1
96
114
1
116
133
1
133
142
1
145
150
1
148
151
1
152
163
1
158
176
1
171
188
1
172
181
1
175
184
1
195
216
1
215
238
1
227
240
1
247
262
1
250
260
1
258
263
1
264
290
1
312
320
1
314
320
1
315
322
1
315
337
1
318
337
1
331
342
1
335
352
1
355
367
1
358
374
1
358
381
1
361
375
1
362
373
1
364
371
1
372
384
1
374
385
1
378
386
1
385
412
1
393
402
1
408
432
1
447
465
1
451
461
1
465
469
1
470
477
1
472
481
1
477
486
1
485
498
1
510
522
1
536
541
1
539
562
1
546
547
1
