1
10
1016
4
23
1073
4
58
6815
5
6
127
7
27
4611
9
29
4526
12
25
1355
13
25
1592
13
80
8326
15
28
1122
16
30
2006
17
31
1547
18
31
2289
18
33
2051
21
32
1841
21
37
1262
21
37
4646
21
38
2520
22
29
944
23
32
891
24
34
927
24
47
3001
25
27
389
26
32
1588
29
75
5597
31
53
3841
32
54
3573
33
48
2218
34
53
2037
34
53
2698
35
40
962
35
46
1688
35
48
2383
36
46
824
37
57
2490
39
42
908
39
58
1999
40
53
1755
42
59
4795
43
55
1915
43
56
1185
44
47
509
46
58
1237
46
77
3783
48
54
797
48
59
2745
50
54
436
50
61
1855
53
69
2145
54
65
2012
54
78
2071
60
69
1749
60
77
2423
64
71
1342
64
77
2598
69
75
650
75
76
252
