1
17
1232
2
21
2793
3
4
498
5
209
46509
7
28
2265
8
30
1747
8
203
26006
11
33
6086
11
194
21638
14
31
2150
16
23
1878
20
25
657
21
71
11191
25
44
1537
27
34
1285
32
39
578
33
43
3179
35
45
973
37
46
1287
40
45
515
46
54
1016
49
61
1638
63
82
4106
64
71
1494
77
89
1089
80
86
551
85
92
1758
87
180
9028
102
113
2743
104
108
508
104
118
1791
107
113
831
111
128
2288
115
121
630
117
132
1089
118
124
835
120
141
1917
127
136
2304
130
137
661
133
153
1861
134
147
2096
137
141
717
139
151
3219
140
148
1831
145
171
4598
147
155
2399
154
174
4233
158
174
4590
159
186
3162
162
173
1639
167
175
1735
169
182
1508
172
192
2744
173
180
2064
175
194
3366
179
192
2262
179
194
2873
179
197
1596
182
187
720
182
192
1882
189
209
3515
192
198
720
193
196
1018
