0
13
954
0
18
3157
1
8
1513
2
7
653
4
23
1608
5
23
3525
6
25
2572
7
24
2270
10
23
2499
10
136
33027
14
115
19482
15
26
3085
18
24
834
20
31
1663
20
33
1578
22
42
2586
23
38
1426
24
37
2620
28
32
956
33
41
2106
37
49
1318
37
52
1611
37
62
6830
40
51
1214
44
61
1658
46
103
4062
49
66
3669
53
71
1728
54
58
1407
54
62
1483
54
67
3346
55
65
1043
56
69
4024
62
70
1090
64
77
1620
64
79
1374
72
83
1148
75
99
2782
77
85
1435
77
99
3462
78
91
1683
82
89
1699
82
99
3231
86
100
2610
87
103
4395
91
98
1426
94
111
1385
97
101
658
97
107
2962
100
113
1243
105
125
4509
110
132
2834
112
131
2681
118
127
1498
128
136
1793
131
142
1138
134
144
918
137
143
440
