1
3
326
1
38
4495
2
14
2480
4
22
2339
5
25
2758
6
19
2947
6
24
1634
8
13
1133
8
24
2387
9
14
839
11
24
1241
11
29
2191
12
29
2376
12
32
3101
15
28
2215
15
30
1149
16
28
2975
16
30
1276
18
34
3167
19
54
3198
20
47
3648
21
33
756
21
35
1620
21
36
1157
22
25
767
24
27
969
24
32
1392
26
32
1060
27
41
2171
27
42
1239
29
39
1729
29
56
3597
30
51
2811
32
59
3503
33
40
760
33
44
1325
35
50
2840
36
46
661
37
45
549
37
46
1310
38
54
2437
40
54
2614
41
53
2485
44
51
1243
46
63
2302
47
57
1116
47
61
1766
48
57
1381
48
61
1970
56
62
748
59
62
470
