0
6
974
0
13
2255
1
8
1425
2
129
12978
6
26
1820
8
20
2353
9
18
2660
13
28
3360
14
23
1696
15
20
582
16
43
3703
19
23
918
22
34
1688
25
36
1543
26
35
2468
31
115
16137
34
125
14809
37
45
1392
37
123
11599
40
51
978
42
48
1885
42
50
1320
44
56
950
48
50
626
48
56
2450
49
63
3637
54
81
4640
55
77
3462
56
106
9870
59
64
697
60
80
1500
63
77
3074
63
89
5048
67
79
1507
69
77
858
69
89
1885
71
74
471
73
90
2848
77
89
1565
78
99
2384
79
95
2740
80
118
7370
81
98
2688
86
91
775
88
101
1303
88
101
2998
93
104
1616
95
118
2763
100
111
1155
106
126
3511
109
124
3352
114
125
1782
