5
91
12059
6
19
854
7
22
1355
7
28
2288
9
17
1187
9
20
2915
10
27
1570
13
22
2258
23
34
1514
26
37
947
27
42
3797
30
50
1940
32
47
1789
41
50
1484
43
44
316
53
78
4753
59
77
4620
60
76
2970
71
152
18121
74
84
1767
77
86
1201
81
88
1689
89
164
11243
90
99
2521
92
104
1014
93
105
1626
95
107
939
95
109
1141
95
111
2283
96
119
1885
99
107
2198
103
111
824
103
116
1406
106
120
2257
108
114
1031
110
117
1386
110
121
1664
112
130
3392
117
129
1685
120
128
1135
121
143
6557
130
137
1414
135
154
1217
142
154
1920
143
155
3052
151
161
1849
156
170
3545
157
160
1099
159
166
913
159
178
3361
160
172
2713
160
181
3567
165
189
3403
170
183
3523
170
186
1593
172
181
1802
172
188
2994
180
192
3291
182
186
1192
185
200
2509
190
199
1157
190
203
2312
191
196
676
