1
152
31248
27
37
1349
28
38
2308
32
39
1134
40
153
16464
41
54
2240
42
64
2857
45
57
2959
46
48
272
48
60
2579
48
67
2724
53
54
236
53
57
424
55
71
3738
58
70
1003
58
75
2403
61
73
3322
64
82
2210
71
89
2608
72
86
3572
74
86
2731
77
91
3440
79
87
1264
82
96
1921
88
102
3330
95
109
2151
96
117
5834
102
118
1580
103
126
3567
108
114
924
111
137
4779
115
135
3988
117
126
1863
117
132
3806
118
137
1666
119
125
1722
122
136
2223
124
145
6186
124
147
2240
126
144
2384
127
150
4519
127
151
3322
128
152
1719
135
147
2801
138
150
1343
139
144
920
