0
4
525
2
8
1017
4
20
3835
6
26
3746
8
13
780
13
22
770
15
22
2183
18
27
1901
19
34
2677
19
41
2392
20
39
4372
23
29
1286
26
34
1518
26
41
2691
29
30
192
32
48
1520
36
42
523
36
48
2208
37
49
2033
45
57
3766
51
75
3418
59
64
657
63
70
731
64
74
824
66
83
3838
66
88
2646
69
74
756
72
81
2289
75
89
888
77
95
3010
83
96
1995
84
95
3335
85
96
722
85
116
4942
86
100
2682
87
96
1197
89
104
1594
90
105
1856
92
94
266
92
118
4687
92
119
7489
93
107
1610
95
106
1151
107
114
2333
109
119
1529
110
121
1384
111
125
4207
111
126
3867
112
124
879
112
126
2406
114
126
998
121
134
1621
127
136
2547
128
137
885
132
136
692
