7
20
2433
10
16
1291
13
29
1702
14
19
823
14
23
1119
15
34
3482
16
27
1871
16
31
1849
16
35
1938
17
108
18366
23
44
2774
26
32
802
26
43
3548
32
54
3080
32
89
11254
52
59
2109
52
61
1435
56
80
5949
60
63
222
60
70
2269
65
73
1331
67
85
3567
73
85
1446
74
87
3636
75
89
1931
77
99
4349
81
86
1447
83
95
1972
84
93
972
87
111
3629
88
111
2564
99
118
2822
99
132
6265
108
111
641
108
124
2448
113
123
904
117
120
747
119
127
952
126
142
3131
127
157
5191
128
137
2169
136
144
1185
136
148
1973
139
149
789
146
169
4513
149
165
2958
151
168
2346
154
167
1437
156
168
1631
160
166
1765
162
173
1223
163
170
666
