1
13
1649
1
78
14729
4
8
546
5
21
3489
6
18
2329
6
19
1468
6
67
4833
7
14
1117
8
22
998
10
17
953
11
16
498
11
17
783
13
51
3680
17
20
405
17
38
2492
19
23
458
19
24
592
21
28
984
21
39
1825
22
42
3642
27
54
4584
28
47
5096
32
47
1893
32
52
3741
33
47
1595
35
40
855
35
45
1434
38
53
3176
38
93
6180
45
49
502
46
55
974
46
65
3404
49
62
3587
51
57
1306
51
58
823
51
62
2644
51
78
3872
52
60
938
53
79
5880
55
71
1958
55
78
2065
59
74
1147
62
72
1722
63
66
767
63
82
1928
67
74
1886
67
78
2889
68
89
4250
69
77
1260
69
79
2748
69
96
3341
70
73
234
70
80
1571
70
81
2563
76
86
2000
77
95
2197
81
89
761
87
95
1121
