0
19
3040
0
115
9950
3
9
678
3
10
968
3
13
1895
8
13
575
10
94
10072
12
120
12307
13
17
1098
13
27
1219
14
21
722
16
82
5368
19
30
1516
23
35
1537
24
63
6395
27
66
5785
28
34
943
28
44
2261
29
36
2030
30
52
2948
31
79
6069
33
41
879
36
50
1876
39
42
858
39
45
832
41
54
1287
46
64
4148
47
55
1468
48
50
273
48
57
1751
50
120
10220
53
58
648
56
77
2789
57
65
823
57
66
1124
57
67
1480
57
67
1752
58
65
600
60
74
1591
63
67
951
64
69
1061
66
82
2453
66
84
2875
67
81
1831
67
83
3233
67
92
6209
70
78
1274
73
93
1978
74
87
1351
74
97
5470
75
79
863
76
77
140
89
112
2570
90
108
3341
96
114
3342
97
103
539
97
107
570
105
114
1104
110
113
813
110
121
1690
115
120
1343
