0
10
913
0
15
2236
0
19
5197
0
43
8476
1
10
1193
1
19
2873
1
56
5787
2
12
2751
3
12
2542
4
13
2063
4
15
1621
5
12
739
7
35
2652
8
46
3657
9
11
580
10
27
1853
11
21
1092
12
18
1440
13
34
3424
15
21
566
16
25
1013
17
24
2030
18
24
2018
18
32
1549
19
31
1929
20
25
1297
20
34
1361
22
28
828
22
32
2316
23
35
2625
23
36
1481
23
44
3248
25
38
1557
26
29
357
26
35
1630
27
39
2999
27
49
3626
29
38
2585
29
40
1736
29
47
1478
30
46
2353
33
42
1279
34
45
1853
38
51
2309
41
46
1376
42
54
3047
43
47
617
43
47
546
44
49
1560
46
52
739
50
55
741
