0
17
2130
1
55
7436
2
4
435
3
17
2128
4
14
1249
4
19
1476
5
17
1467
5
19
1964
6
29
3132
7
25
4674
8
22
2075
8
33
3836
8
55
11361
9
15
1429
9
56
10985
10
19
1554
10
22
1685
11
31
5430
11
35
6484
11
54
9053
11
55
5994
12
16
859
12
20
1198
13
27
3152
14
33
4174
14
34
4348
15
27
1436
18
25
1143
18
37
1558
18
40
4576
22
31
1389
23
33
1308
24
29
1422
24
31
1575
24
43
2597
25
34
818
25
46
1590
26
44
2524
27
36
1512
28
40
2244
28
41
2011
29
39
1630
29
52
6214
30
39
1956
30
48
2531
31
45
3464
32
35
461
33
35
542
33
35
227
33
41
2030
33
43
2857
34
45
2568
34
54
2231
35
55
4275
36
45
1666
43
51
2222
46
50
408
