0
26
1
1
12
1
1
31
1
1
40
1
2
8
1
4
66
1
6
20
1
9
10
1
10
19
1
12
20
1
13
40
1
13
61
1
14
21
1
14
28
1
15
22
1
16
35
1
17
38
1
20
31
1
20
38
1
21
25
1
22
42
1
25
43
1
25
50
1
27
34
1
28
47
1
31
50
1
31
50
1
32
45
1
32
46
1
33
46
1
34
53
1
35
46
1
36
46
1
36
50
1
37
49
1
39
52
1
40
45
1
40
51
1
40
54
1
42
49
1
43
52
1
45
54
1
45
56
1
45
63
1
45
66
1
46
53
1
47
50
1
47
63
1
50
61
1
53
70
1
54
71
1
56
66
1
56
74
1
58
63
1
58
71
1
58
75
1
59
67
1
60
72
1
62
70
1
66
77
1
67
71
1
67
75
1
69
79
1
74
77
1
