0
58
4212
1
13
3819
1
41
3995
2
56
7513
3
46
3728
3
52
7869
3
55
10851
5
12
1852
5
13
1799
5
36
2585
7
16
2296
7
21
2203
11
22
1441
12
20
1491
15
23
777
15
41
4864
20
40
3618
21
36
1470
21
39
2285
21
48
2351
24
35
2084
25
34
1175
26
28
638
27
50
5051
28
36
1238
28
37
1885
28
39
1837
28
45
1739
29
36
671
29
48
2096
29
52
1692
30
33
445
31
43
2144
32
34
454
32
41
624
32
43
2083
32
44
1549
32
44
2410
33
42
1132
34
51
1999
35
44
2141
35
53
3244
35
56
2492
36
37
227
36
43
1795
36
44
1190
36
48
2284
36
50
3720
36
58
5836
39
55
3551
41
51
2209
41
53
2553
43
47
779
43
56
2108
44
51
891
47
51
533
47
52
1026
50
52
535
50
54
504
