1
88
18423
2
23
2578
4
23
2250
10
24
2278
10
29
2893
12
161
18758
17
40
6557
20
39
1367
22
28
1481
25
28
327
27
32
784
34
38
717
34
42
1013
37
47
1123
37
49
2348
50
188
11974
76
79
617
77
84
775
92
100
1521
99
151
9397
102
115
3266
105
124
3750
107
118
1416
107
123
2078
109
111
331
109
123
1008
111
125
1253
113
124
2558
118
127
1826
121
142
4232
125
138
2042
126
139
1855
128
146
1892
134
153
3863
138
148
1543
141
157
1962
142
147
650
150
159
1956
174
199
2084
179
184
427
179
206
6869
192
198
1121
