0
3
592
1
10
886
1
14
1861
4
14
1743
4
30
3846
8
19
1517
8
76
8155
10
29
1929
11
15
928
12
19
1310
14
19
478
19
25
1544
19
37
2739
22
34
2058
22
47
2925
23
29
1556
25
26
229
26
42
3275
30
33
879
31
45
1355
33
51
3196
35
46
1631
38
44
860
39
41
408
39
56
1468
41
55
1813
41
59
2948
44
57
1245
45
70
2015
46
49
408
48
60
2054
49
61
2373
49
64
1955
51
62
1354
51
68
3803
51
71
1994
52
66
3465
55
78
3619
56
65
1404
58
71
1736
59
79
3929
59
81
5495
62
81
2582
63
71
696
65
83
1044
68
75
1164
68
78
2447
70
72
235
73
83
896
75
80
650
75
85
885
76
80
704
