1
17
1
4
22
1
9
20
1
10
32
1
12
21
1
12
72
1
17
27
1
17
34
1
28
39
1
30
44
1
33
47
1
41
52
1
45
67
1
47
175
1
52
152
1
55
161
1
58
150
1
61
75
1
62
183
1
63
186
1
66
161
1
74
89
1
74
91
1
82
99
1
84
93
1
85
94
1
89
100
1
98
106
1
98
124
1
101
115
1
101
117
1
104
118
1
106
126
1
109
119
1
109
129
1
111
116
1
111
129
1
113
116
1
115
171
1
119
134
1
121
126
1
121
134
1
127
142
1
131
142
1
133
150
1
138
143
1
138
150
1
138
152
1
139
153
1
142
154
1
149
164
1
158
170
1
162
173
1
164
170
1
164
182
1
171
178
1
173
179
1
