10
34
1
14
25
1
20
25
1
21
33
1
21
33
1
26
46
1
26
289
1
29
39
1
31
43
1
33
52
1
33
55
1
35
70
1
45
55
1
46
62
1
51
287
1
52
78
1
58
74
1
60
88
1
73
79
1
77
89
1
87
100
1
92
117
1
102
125
1
105
114
1
106
118
1
106
123
1
108
125
1
109
244
1
110
227
1
116
132
1
118
129
1
118
131
1
130
144
1
154
159
1
155
156
1
160
184
1
161
174
1
162
174
1
166
193
1
177
195
1
182
195
1
183
192
1
190
200
1
216
225
1
216
228
1
219
232
1
227
249
1
232
250
1
233
256
1
238
241
1
244
252
1
251
267
1
252
255
1
258
268
1
259
263
1
259
280
1
260
263
1
269
284
1
278
291
1
283
301
1
286
303
1
300
305
1
