1
20
2393
1
25
3699
1
63
4079
2
21
1586
3
15
914
3
16
2509
3
52
4591
4
16
2202
5
30
2167
6
26
1936
6
26
3251
6
32
5858
8
16
635
11
37
3777
12
21
1363
12
38
7214
14
25
1048
16
26
1347
17
41
5316
19
37
1759
19
41
2324
19
42
2057
21
31
1960
22
33
1172
22
35
1633
22
37
3546
22
38
1900
24
34
1583
24
42
3331
25
57
3285
26
47
2293
26
52
4228
27
32
693
29
32
665
31
45
1726
32
36
500
33
38
1246
33
48
1309
33
48
1969
35
53
1245
37
56
3908
38
53
2490
39
50
1389
39
58
2790
40
45
672
40
64
3923
41
60
2383
42
52
2505
42
54
1143
42
55
1946
43
53
1167
44
54
1529
46
52
1046
47
58
1361
50
57
1114
53
64
1433
58
64
1188
59
63
1082
