0
9
1
0
16
1
1
22
1
1
28
1
2
124
1
3
25
1
8
21
1
10
11
1
15
23
1
15
25
1
15
26
1
16
40
1
19
45
1
20
30
1
23
27
1
23
28
1
24
25
1
26
48
1
27
123
1
29
46
1
31
36
1
32
38
1
34
45
1
34
58
1
36
44
1
37
59
1
37
67
1
38
55
1
38
64
1
40
64
1
46
51
1
50
55
1
51
61
1
55
77
1
61
111
1
67
81
1
70
78
1
71
85
1
71
88
1
75
84
1
76
91
1
77
100
1
78
82
1
78
86
1
82
93
1
85
91
1
85
92
1
85
95
1
87
92
1
94
107
1
94
111
1
94
112
1
97
113
1
97
115
1
100
112
1
101
121
1
104
122
1
107
121
1
108
121
1
110
119
1
111
125
1
113
116
1
117
123
1
