0
10
2030
1
15
1866
2
12
2283
2
67
17296
2
86
10654
5
9
398
5
14
580
5
30
1766
6
27
4901
8
16
1838
11
28
2738
11
79
11465
12
28
1244
12
29
1424
12
66
9527
12
90
10753
13
23
1443
13
30
2785
15
40
2537
16
30
3357
17
36
2639
20
29
1265
20
45
5271
22
88
6870
24
33
810
24
36
2232
31
53
2774
39
45
1376
40
61
3473
42
46
617
48
60
3521
48
68
3034
52
65
1259
52
68
3982
54
60
1224
54
63
1099
58
68
646
58
89
7398
62
88
5552
63
80
4000
64
67
372
64
80
3254
64
87
1530
67
88
4621
68
70
192
80
83
318
84
88
607
