1
11
1801
1
18
2700
3
21
2335
3
34
2573
4
62
11225
4
69
14375
5
25
2792
6
21
2353
6
23
1277
8
15
1255
8
21
1411
8
25
1709
8
34
2289
8
54
7640
11
30
5547
11
63
6823
13
25
2976
13
29
1526
13
38
2752
18
19
192
18
25
1206
18
33
2398
22
33
2075
22
40
3822
24
27
796
24
36
884
25
48
2175
26
43
3573
28
35
1139
28
39
1529
29
38
931
29
43
2288
33
50
1468
33
50
1605
36
54
1891
36
56
2315
37
46
1013
38
51
1751
39
60
4610
40
47
890
43
53
948
44
62
5554
44
65
6050
45
61
2177
47
58
1028
47
63
1187
52
66
4170
55
61
1404
56
62
673
57
64
1998
60
67
733
61
69
1010
