0
11
1207
2
71
13528
3
9
880
5
20
2591
5
26
2852
6
14
2146
6
22
3282
8
13
580
8
21
1149
8
46
4833
9
20
1901
10
12
536
11
26
2233
12
28
1297
13
32
2744
13
52
5938
14
31
2878
14
40
6099
15
27
3263
15
74
5307
16
21
1659
16
45
5433
17
70
7692
19
25
1103
21
33
934
22
23
184
22
29
1054
23
45
2858
24
35
1231
26
38
2132
26
46
4802
27
43
2380
28
36
1397
29
44
4458
32
43
2344
32
52
1544
34
44
1399
35
45
1411
35
50
2223
36
53
4152
39
53
4381
41
49
1203
41
53
1591
41
60
3097
41
64
2486
42
43
322
42
52
2370
42
57
2589
42
60
3440
45
57
1312
47
66
1408
50
51
326
50
57
786
52
62
2450
58
65
645
60
68
608
61
72
1265
61
72
2003
62
68
1621
63
71
687
