0
49
6263
1
14
1617
2
41
8099
4
17
1388
5
10
1114
5
17
3098
6
25
2127
7
17
1669
8
12
702
8
16
665
8
17
1636
9
12
342
9
29
2400
10
13
308
10
18
1391
10
20
995
12
21
1997
12
23
2365
13
34
3452
13
45
2987
13
56
8561
15
27
1123
15
44
3877
16
25
1369
17
55
5220
20
27
856
20
34
3179
20
39
1180
21
55
4292
22
52
3580
23
24
319
23
33
2180
23
37
3938
23
40
2901
25
38
2304
25
47
4081
26
42
3297
27
35
1266
27
44
1876
27
50
2937
28
37
1978
29
40
2253
30
44
1441
30
48
4428
31
35
484
32
33
230
32
48
3580
32
49
4213
34
45
1879
35
48
4028
36
49
2327
36
51
1794
37
46
1640
44
47
429
46
50
375
46
56
1854
50
51
198
