1
15
2542
2
14
2495
3
14
820
3
19
2609
8
30
1641
9
21
2910
9
31
2331
9
34
4224
10
25
1922
10
28
4013
10
31
2450
12
55
6305
14
24
1004
15
17
565
15
33
2720
16
36
3846
17
36
1461
18
22
982
18
43
3161
19
37
4422
19
37
5066
20
29
1046
21
36
2208
21
42
1383
22
27
1526
22
46
2881
23
49
5902
25
35
2685
25
42
2298
26
39
1482
27
37
1017
27
46
1418
29
38
1013
30
32
624
30
38
1184
30
39
1310
32
48
2587
33
55
2249
34
52
2112
35
41
1110
35
44
2143
35
53
3150
35
55
4393
36
53
1954
39
40
472
39
49
2511
39
53
3411
40
52
1360
40
55
1984
41
55
1464
43
49
1506
44
53
971
45
47
344
46
49
590
46
54
1723
50
54
393
