19
31
1
26
531
1
36
43
1
56
67
1
72
84
1
73
92
1
94
109
1
95
100
1
101
114
1
108
117
1
111
116
1
114
116
1
120
130
1
133
155
1
176
189
1
187
231
1
195
201
1
196
214
1
207
220
1
237
250
1
250
265
1
292
306
1
297
303
1
297
312
1
301
324
1
316
328
1
326
332
1
329
368
1
332
360
1
346
355
1
353
363
1
353
373
1
367
387
1
368
376
1
377
386
1
383
404
1
384
400
1
388
405
1
392
402
1
393
412
1
413
430
1
417
426
1
441
455
1
452
463
1
455
471
1
457
467
1
459
472
1
462
471
1
467
482
1
470
473
1
477
486
1
495
518
1
518
529
1
529
535
1
548
555
1
553
556
1
555
566
1
559
572
1
