0
33
6247
1
10
2481
2
19
2841
2
50
5634
2
57
5668
3
26
2747
4
15
1122
5
7
629
5
17
2263
5
61
6973
6
45
6141
8
18
1644
8
20
1323
8
21
1135
8
24
4118
10
21
952
10
48
3792
11
13
300
12
18
1225
12
20
1025
12
30
1378
14
26
3210
14
28
1022
15
28
2433
15
40
2665
17
27
1737
18
26
1561
19
25
1209
19
29
1377
19
39
4176
20
43
2116
21
32
1887
22
33
1797
23
27
499
23
36
3614
23
42
2918
24
32
1348
26
33
858
26
37
1840
26
40
1915
26
46
1956
27
45
2784
30
39
2202
32
48
1517
32
50
1492
37
52
2107
39
46
723
39
48
995
39
55
2387
40
51
714
40
60
2941
41
53
1849
41
54
1969
42
44
402
43
49
893
44
53
1200
47
50
448
49
57
750
49
59
1162
50
52
817
52
61
2151
53
61
507
