1
19
1
3
12
1
3
111
1
6
18
1
7
121
1
8
78
1
16
18
1
17
118
1
21
37
1
24
42
1
25
36
1
25
53
1
30
36
1
30
38
1
30
39
1
31
35
1
33
116
1
35
54
1
36
53
1
37
53
1
37
57
1
39
53
1
40
43
1
41
58
1
41
62
1
43
66
1
44
46
1
46
57
1
48
63
1
51
57
1
56
69
1
57
58
1
58
74
1
59
70
1
59
75
1
62
68
1
63
72
1
66
86
1
68
78
1
71
79
1
71
87
1
73
93
1
74
84
1
79
86
1
83
90
1
83
113
1
85
110
1
86
107
1
87
104
1
88
106
1
90
103
1
90
110
1
91
98
1
92
105
1
94
108
1
96
97
1
98
102
1
98
102
1
100
107
1
103
109
1
103
113
1
