3
204
34827
5
197
36261
9
19
1467
14
22
898
14
27
3635
15
34
2471
16
26
1653
19
29
1591
21
41
2527
30
49
2171
33
49
2985
34
51
3140
34
120
11538
36
178
27627
38
40
379
44
53
655
52
53
415
63
158
17324
70
75
711
71
86
1735
74
89
4264
77
96
1730
77
101
2481
80
93
1995
92
116
3283
93
112
2096
95
109
1378
98
181
21803
100
101
332
100
112
3559
100
112
1425
104
113
2122
105
127
3994
107
129
6217
110
116
949
113
137
4865
114
126
2134
116
118
361
120
130
2280
120
140
5239
123
132
733
130
143
1410
130
145
1751
132
139
654
135
154
1597
141
160
1984
162
168
1611
162
181
3091
163
168
648
164
168
1169
165
192
5319
169
186
2170
172
181
905
177
180
365
177
202
3667
177
203
5020
178
189
871
181
198
4874
182
186
491
187
194
1325
188
196
647
194
205
2580
