0
15
2096
3
8
1153
3
253
36556
19
25
690
23
191
18419
25
28
384
26
40
1611
29
33
883
34
40
1707
50
58
1471
65
84
3750
66
75
1283
67
85
1660
71
287
42950
74
83
769
77
98
3079
84
102
993
84
105
5394
88
105
3523
89
114
2543
98
100
436
98
101
672
98
114
1510
98
174
13929
105
121
2357
116
120
912
116
129
1104
124
128
581
124
141
4902
131
141
3097
136
150
3437
138
146
2102
138
153
2375
157
171
2030
157
180
2110
167
185
1891
176
192
2946
180
186
930
187
203
4457
188
194
1191
189
206
2885
191
200
1413
200
215
1429
200
215
1278
207
221
1169
210
231
2700
214
232
2519
216
218
515
228
234
867
234
250
4214
239
254
3475
242
244
561
245
267
2729
251
264
1870
261
269
658
262
283
3414
263
276
3725
268
292
2698
272
298
3540
283
291
796
