1
18
3848
2
12
1596
2
18
3772
4
17
2736
4
19
1940
4
112
28950
8
60
5212
11
19
898
11
32
2917
12
24
1373
14
18
864
19
38
1643
23
29
1805
25
28
592
27
35
1448
29
53
5611
30
41
2077
32
37
1352
35
53
1549
35
58
2725
36
60
2838
36
60
5218
39
49
1157
41
47
815
41
53
2212
42
53
2569
43
48
1092
43
72
8103
44
53
1531
47
65
2168
48
50
631
51
64
1687
54
65
2131
54
68
2434
57
67
686
58
69
939
59
69
956
61
73
1756
63
84
1289
65
88
2201
67
82
1793
74
93
3511
74
96
5731
75
96
3052
77
100
4237
81
85
1004
81
100
2115
83
93
1542
85
96
2055
87
111
5521
88
106
2027
89
98
2049
89
103
2196
93
104
1266
96
106
1124
98
111
2818
98
113
2083
101
110
822
103
114
1572
104
120
3840
110
118
1239
113
120
1538
