6
25
3029
7
14
1426
9
18
1569
14
41
3779
20
27
710
20
30
2703
27
483
32002
37
48
1942
44
60
3619
52
67
2381
66
74
1188
73
84
2349
89
114
2690
118
390
53805
166
180
3180
168
170
425
180
191
1101
181
201
1859
191
203
2723
209
223
1611
214
224
2419
216
228
3235
237
421
20556
240
247
993
244
435
34561
253
278
6407
259
263
1290
264
279
1250
273
283
1298
275
293
3744
286
306
1746
298
317
2989
309
324
3601
322
325
361
327
339
1522
339
343
694
339
344
780
342
357
2398
350
368
2332
353
357
1260
357
375
4044
360
375
1610
366
388
4326
370
385
1736
386
392
1499
415
429
2388
417
424
1230
423
437
1876
444
445
421
481
492
1092
492
502
1127
513
519
1102
