7
185
32878
8
21
1883
14
28
1535
18
20
384
24
44
2628
29
50
2774
30
44
1665
32
58
6516
36
41
864
37
45
1709
41
232
55142
46
155
25242
62
79
2267
67
74
692
68
84
2599
68
88
2700
71
80
1511
71
98
2180
74
89
3639
75
81
1190
84
90
1029
85
97
1777
86
88
640
90
103
2786
93
116
4602
96
102
1319
96
103
1238
101
126
1718
106
121
2189
110
118
1317
115
135
4275
116
129
1013
117
126
628
119
128
1703
123
210
7973
127
143
1839
129
158
1946
130
147
3481
156
163
992
160
175
1549
160
181
1426
177
186
1536
180
183
467
181
193
1322
194
243
12877
203
230
4710
222
243
4436
224
235
1972
232
240
1341
241
243
456
