0
8
1215
3
11
2061
10
18
2278
12
28
4205
16
24
1597
26
32
561
34
59
5605
35
52
3966
36
49
1612
38
45
1830
46
120
11826
48
61
2935
49
56
719
54
76
2594
65
68
584
71
93
3146
73
81
861
73
82
903
77
91
3757
84
89
1352
87
107
1622
92
103
1490
117
141
3365
121
132
2888
122
136
1803
143
163
3470
145
156
1600
146
161
1436
147
154
872
149
165
4640
151
160
1451
152
201
5497
162
166
1092
163
177
3333
165
187
3983
173
183
847
176
198
3960
178
184
668
181
195
2481
189
201
1503
190
204
2039
191
209
3390
204
216
1166
206
233
3131
208
218
677
214
230
3712
217
240
1782
218
220
442
220
225
541
236
244
1575
249
254
1339
