0
213
1
4
21
1
5
165
1
9
212
1
13
16
1
13
83
1
14
19
1
25
36
1
30
36
1
31
44
1
34
43
1
35
153
1
36
44
1
38
51
1
38
52
1
41
52
1
46
52
1
46
65
1
50
72
1
52
54
1
54
74
1
65
76
1
66
76
1
74
79
1
81
100
1
88
90
1
89
104
1
97
115
1
103
110
1
103
116
1
106
127
1
109
117
1
110
120
1
120
147
1
122
140
1
126
140
1
128
137
1
132
149
1
136
148
1
140
141
1
146
158
1
147
155
1
147
164
1
147
168
1
148
152
1
151
166
1
155
166
1
155
167
1
158
169
1
159
167
1
159
170
1
161
164
1
162
185
1
163
169
1
171
192
1
173
185
1
176
180
1
179
187
1
179
190
1
182
190
1
193
197
1
193
206
1
197
204
1
202
209
1
