8
14
1
9
159
1
10
20
1
12
187
1
14
24
1
21
34
1
22
95
1
23
29
1
27
31
1
27
36
1
27
43
1
35
51
1
36
45
1
43
81
1
44
59
1
57
69
1
59
76
1
60
73
1
62
74
1
66
75
1
67
75
1
68
86
1
69
72
1
77
84
1
78
86
1
78
88
1
84
94
1
88
103
1
89
90
1
90
151
1
93
111
1
98
101
1
101
107
1
101
119
1
105
118
1
116
120
1
117
123
1
119
125
1
124
141
1
125
133
1
127
138
1
129
138
1
140
152
1
140
153
1
141
148
1
141
156
1
142
150
1
142
155
1
142
158
1
142
164
1
144
155
1
151
164
1
160
171
1
165
175
1
165
188
1
171
187
1
174
184
1
