1
14
2010
1
22
3226
1
72
16415
3
13
1709
3
30
5431
5
23
4426
7
16
1315
7
31
4771
8
16
875
8
28
2039
9
25
2354
9
49
4912
10
26
1764
11
21
1431
11
21
1013
11
25
1195
12
24
1338
13
25
1579
13
27
1018
13
32
3124
13
37
2313
15
16
201
16
27
1520
17
72
5767
18
24
563
20
25
1043
21
23
502
21
30
1152
21
34
1492
21
39
1305
23
45
2693
24
32
933
25
43
3832
26
31
1247
28
32
541
28
36
995
30
72
10416
31
52
2409
32
56
3846
33
64
4242
39
45
1356
39
54
1085
40
52
1941
41
56
3297
42
53
1545
46
57
2835
46
59
2709
46
64
2375
47
54
1550
49
72
2968
50
64
1411
50
66
3430
54
65
1406
58
66
1756
59
70
2107
61
66
685
64
70
1004
71
72
270
