3
6
558
3
13
819
5
26
3658
6
18
2693
6
19
2078
7
124
14246
8
19
1236
11
32
3268
14
222
24647
15
34
1449
25
38
1190
34
38
379
51
55
861
52
69
1170
55
63
1367
57
69
1971
65
80
3143
70
78
1126
82
89
641
94
202
12314
99
124
3615
100
122
2801
101
111
1622
104
119
3065
106
124
4493
110
119
1533
112
133
2316
118
225
20066
129
137
1105
139
143
643
144
153
993
145
162
3550
148
152
769
162
168
507
163
179
3676
168
184
3426
173
188
1852
180
204
3043
182
187
1586
187
201
1193
188
201
2274
190
210
2365
194
206
2056
194
211
2850
195
200
504
197
210
1865
201
216
2310
213
228
3874
