2
6
323
3
27
2997
10
21
2251
14
24
1510
20
31
2305
32
53
4080
43
468
35443
48
63
1833
53
570
52398
65
79
2945
66
84
3475
82
93
2990
105
116
1377
108
125
3831
112
132
3049
118
126
2271
124
128
1239
125
223
18716
127
130
511
139
143
707
158
177
3622
159
162
592
160
166
813
177
195
1810
202
204
829
231
256
2913
237
248
1580
243
572
82383
256
266
1344
259
277
1792
263
286
4252
294
300
555
309
319
1950
315
326
1692
316
338
3580
329
331
500
337
353
1484
340
350
2703
357
364
1330
362
366
392
375
390
1887
391
404
3710
393
412
4064
404
425
5675
413
417
356
422
433
1444
423
445
2585
432
449
2411
444
457
1547
466
488
1833
480
488
1109
483
488
699
486
502
2000
487
496
1447
517
523
964
517
528
1032
524
548
4187
529
556
2260
553
573
5357
567
571
408
