0
5
711
1
9
2174
3
10
954
4
22
1893
4
59
5897
5
14
1709
5
15
1548
5
59
14930
6
11
1301
6
36
4211
8
17
2277
8
25
3151
9
19
1994
10
21
1211
12
23
2067
12
39
4606
14
57
6664
15
22
1351
15
30
1712
16
25
1526
16
28
2857
17
27
2909
17
38
4346
18
32
1999
19
28
2093
20
27
883
20
40
3557
20
50
6960
22
34
1817
22
38
2858
24
40
3642
25
49
2962
26
31
555
26
33
1486
26
42
2479
26
45
3487
27
41
1457
28
51
6241
32
42
1368
32
44
1320
32
48
4522
33
55
5289
34
50
1355
35
49
1048
35
55
2129
36
46
1596
36
52
2624
36
61
4708
37
46
1489
38
45
471
39
50
819
40
42
369
41
58
4083
44
50
636
47
58
2969
47
61
1907
48
52
1043
48
54
834
51
55
517
53
59
1400
53
59
997
53
61
1277
