0
12
1
2
23
1
5
13
1
5
27
1
6
18
1
26
47
1
29
36
1
37
80
1
38
246
1
40
63
1
43
193
1
71
102
1
71
120
1
75
86
1
77
87
1
90
98
1
98
122
1
103
204
1
104
109
1
105
116
1
108
123
1
113
130
1
114
117
1
116
134
1
117
143
1
124
133
1
127
140
1
139
155
1
143
153
1
145
162
1
149
173
1
155
165
1
156
164
1
156
170
1
158
169
1
170
176
1
170
186
1
175
194
1
177
185
1
186
212
1
187
199
1
195
208
1
196
216
1
197
205
1
197
209
1
199
217
1
207
215
1
214
229
1
216
217
1
218
230
1
227
237
1
241
250
1
244
246
1
246
254
1
250
264
1
