0
17
1059
0
60
4002
1
7
871
1
15
2817
2
52
6878
2
67
10331
2
79
8300
4
56
5147
6
76
11571
7
68
4625
8
12
820
8
17
1505
8
19
662
8
21
1882
8
63
7333
10
27
1833
10
28
1872
12
19
1673
12
29
1844
12
30
1496
13
14
342
13
23
1145
13
30
3861
14
37
1555
18
34
2421
19
28
1147
20
73
6271
24
38
1683
25
49
3900
29
77
3497
31
47
1560
31
47
1466
32
34
624
33
46
2757
33
50
2272
35
57
5685
36
50
2713
38
51
2324
38
58
3603
41
53
1154
41
57
1297
43
66
3344
44
69
4709
45
67
3663
46
56
3056
46
57
1968
47
52
1081
47
73
2205
48
56
1137
48
59
2478
49
67
2400
50
62
2370
50
69
3858
50
69
3996
52
62
2464
52
62
2055
55
58
594
56
71
1508
57
62
684
57
65
829
58
60
688
59
65
1594
61
69
822
62
67
1195
