7
16
992
14
19
625
20
41
4330
36
43
843
64
77
1190
67
72
1493
68
89
3732
78
96
1838
78
526
82873
79
90
990
85
112
2718
105
107
385
123
139
1830
139
155
1517
141
146
631
148
163
1613
150
165
3316
156
159
877
161
168
676
171
183
2167
172
380
26780
187
200
3165
189
197
1405
191
197
1446
192
198
725
204
221
1409
206
222
1502
219
227
1381
227
423
18964
229
247
1956
235
245
1276
253
265
1386
258
259
545
267
286
2723
275
278
276
287
298
1868
311
333
2761
325
339
2270
326
336
997
330
338
1093
352
360
1155
361
370
1218
376
383
1160
377
387
867
387
402
3357
399
413
2413
409
420
1686
422
434
1462
443
454
925
445
463
3760
448
459
2074
452
473
4750
463
471
884
480
486
685
536
548
1283
546
562
4120
550
570
4807
561
577
2124
562
579
2422
577
583
633
586
600
1697
602
611
2036
614
621
739
615
636
2041
