0
2
443
0
10
1992
0
23
4239
1
25
3439
2
37
5056
2
42
2634
3
33
2269
4
28
3474
4
47
2861
5
16
809
5
16
869
5
22
1517
7
16
883
7
24
1721
8
21
1533
8
43
3297
10
48
5745
11
33
5619
11
40
7021
11
47
3813
11
51
6800
13
29
2452
13
32
2446
14
47
4291
15
32
3206
16
40
6487
17
28
1008
17
30
2035
17
35
3746
17
36
3872
19
30
1772
20
39
2792
20
44
4549
21
38
2533
21
43
4081
23
30
951
23
43
5725
24
32
1337
24
36
2790
25
31
1037
25
34
1613
25
38
1153
26
35
1578
28
42
2322
30
41
1967
31
35
389
31
45
1537
32
39
1452
32
43
2084
33
39
543
34
43
1800
36
39
1044
40
48
1280
