0
48
4537
2
7
797
2
8
660
2
29
4802
3
41
9805
3
55
4238
4
54
4329
6
13
791
6
13
924
8
24
2970
9
20
1671
9
23
1997
9
26
2675
9
46
7014
10
25
2816
11
13
569
11
26
1938
14
26
1897
14
58
6309
15
20
1098
16
22
626
16
29
1804
18
27
1830
19
25
1438
22
30
1006
22
33
2000
22
34
1074
23
42
2031
25
27
186
25
33
1749
25
40
2651
26
29
501
26
40
2646
27
34
888
27
35
1780
27
37
2475
27
38
1002
27
51
2733
28
39
1799
28
40
1931
28
44
4389
28
48
3999
29
31
794
29
45
3750
32
46
1303
34
44
2339
34
52
1659
35
48
1278
36
43
926
37
46
1958
37
49
1903
37
50
867
40
57
3712
40
58
1179
42
56
4053
43
55
2826
45
49
1189
45
58
1220
51
54
573
