0
429
51601
31
37
991
33
47
2179
35
43
1299
38
45
1063
39
51
2583
53
65
1691
60
72
1936
78
98
2234
101
120
2014
111
129
2673
112
117
625
117
128
1717
119
128
2195
124
127
815
125
144
3430
143
150
726
155
168
2660
173
184
1306
196
204
2362
202
222
3657
210
221
2015
253
257
493
257
262
1602
260
288
6141
271
276
798
272
275
639
273
294
5249
278
288
1968
285
289
1122
293
309
3897
309
323
1607
314
324
1615
319
322
668
322
341
4136
330
354
2509
347
358
2292
347
369
2116
362
372
1491
391
401
1961
403
419
1959
411
414
451
422
425
643
424
438
3320
