3
5
1
4
261
1
5
20
1
8
20
1
14
24
1
21
35
1
23
35
1
24
28
1
26
36
1
27
31
1
45
55
1
50
61
1
52
56
1
64
149
1
66
75
1
71
84
1
78
85
1
85
105
1
89
113
1
94
113
1
95
103
1
103
110
1
103
117
1
105
125
1
107
130
1
110
117
1
113
131
1
114
124
1
116
119
1
117
120
1
118
129
1
122
140
1
122
145
1
126
148
1
129
146
1
134
143
1
136
233
1
143
155
1
153
163
1
158
178
1
160
167
1
166
174
1
177
182
1
181
192
1
200
212
1
201
213
1
205
211
1
214
235
1
236
248
1
236
250
1
251
262
1
251
269
1
253
276
1
255
275
1
256
263
1
262
281
1
270
275
1
