0
8
2107
0
13
1951
1
11
1078
1
54
11157
2
8
1025
2
15
2104
2
39
9313
3
17
2019
3
42
7529
4
19
1239
5
13
1096
6
21
1570
9
19
1935
9
27
1584
10
26
3335
11
18
702
11
20
1297
12
17
726
12
19
930
15
26
1532
16
23
409
16
41
6477
17
22
1417
19
30
2672
19
36
1931
20
34
2206
21
50
6670
23
48
3631
26
33
1036
28
44
1693
30
37
1061
30
42
2152
30
47
1493
31
38
958
32
45
1332
33
49
1099
33
55
1871
34
43
1448
34
50
1757
34
56
2180
35
57
1523
36
52
2791
37
53
1772
38
51
1489
41
55
2438
41
57
3260
47
53
1481
55
60
800
57
61
579
