5
618
99211
15
34
2676
20
27
1907
23
29
1335
27
36
863
40
335
54049
60
74
2013
67
84
2251
72
73
320
83
88
1209
109
115
863
124
144
2422
126
141
2024
136
152
3730
145
160
2016
159
177
2213
161
172
2023
165
174
2549
181
191
2683
184
190
1493
195
201
1131
203
224
1929
205
212
766
219
241
5764
224
489
25997
244
252
1587
255
263
991
261
270
2491
270
280
945
274
278
890
275
278
582
284
299
1980
287
291
777
298
307
1285
312
321
876
317
554
29158
321
342
2046
357
366
1358
357
369
1647
371
388
3797
374
379
602
388
401
1566
403
412
748
415
427
1559
434
450
2544
441
451
979
449
451
653
468
471
580
480
493
1525
491
502
940
493
503
2148
501
504
867
504
526
3885
532
542
1741
538
544
1181
556
562
1267
568
578
2689
580
596
1407
584
593
1888
585
587
540
592
601
1804
597
608
2093
605
615
1617
