6
12
1
10
21
1
23
37
1
27
44
1
34
46
1
34
49
1
36
49
1
40
146
1
40
306
1
42
54
1
46
54
1
59
83
1
66
77
1
79
80
1
79
91
1
80
102
1
83
95
1
85
92
1
90
95
1
91
106
1
93
100
1
94
107
1
94
112
1
107
119
1
110
128
1
112
126
1
113
120
1
115
135
1
118
130
1
123
268
1
125
134
1
140
163
1
142
166
1
166
175
1
171
187
1
173
186
1
180
196
1
180
197
1
185
203
1
192
203
1
193
207
1
194
205
1
196
219
1
199
205
1
202
212
1
206
221
1
211
230
1
213
227
1
222
230
1
226
236
1
233
249
1
235
248
1
235
249
1
236
248
1
241
255
1
248
259
1
248
270
1
282
294
1
286
295
1
289
303
1
290
306
1
294
302
1
