0
15
1805
0
91
17214
3
12
999
4
17
1249
4
19
1197
4
32
6571
9
27
4240
9
67
13663
9
87
9876
12
85
10017
13
23
2099
13
40
4599
13
106
13071
17
45
6334
19
23
462
20
40
2697
27
36
2052
27
44
1970
28
35
1372
28
47
4100
28
50
2332
32
43
1129
34
42
1520
36
54
4063
37
43
888
37
82
4397
38
39
191
39
51
1426
40
51
1827
43
54
1139
46
52
1055
46
63
2238
52
63
1005
55
61
496
56
93
4101
59
65
1567
60
68
1935
63
94
4658
65
80
3747
66
78
1224
71
86
1789
72
91
2790
74
77
586
74
83
1155
74
86
2899
75
98
4492
79
86
815
80
85
818
83
94
2786
83
107
2048
84
95
1910
86
98
2300
92
104
1904
97
103
923
98
109
896
102
111
1208
