6
86
6891
12
21
1326
13
174
9291
16
32
2265
16
185
37266
19
30
741
20
47
2373
21
41
3074
22
28
1129
22
31
2102
23
37
1642
25
43
4344
32
160
20802
37
43
986
45
56
1188
45
66
5755
47
55
632
52
67
3335
52
135
17944
57
59
407
57
63
892
58
69
3016
59
69
1033
59
70
1424
61
62
347
61
89
3491
63
83
3942
65
77
2140
75
89
1769
76
82
694
97
110
1211
98
104
702
105
115
1649
111
123
2371
118
129
1131
119
126
1013
122
138
2693
126
128
609
130
134
700
132
144
2399
134
158
4031
136
143
931
140
156
3824
141
164
2252
143
160
1566
146
165
2138
152
176
2524
153
164
748
155
161
845
159
165
1562
160
168
1025
164
168
1000
165
186
2696
170
173
272
170
189
2025
179
182
481
182
186
300
191
192
150
