0
35
2945
0
47
10202
1
7
732
1
15
1683
2
12
1414
3
9
1451
3
18
2545
3
24
4049
3
52
10660
4
43
2713
5
17
2337
5
21
1176
6
23
3651
6
50
4676
7
34
3321
10
19
1206
11
13
767
12
15
497
12
30
3170
12
52
5396
13
19
1126
13
46
5979
15
27
2130
16
35
2349
18
23
620
18
40
3440
18
41
4080
19
29
960
20
51
3129
21
29
1997
22
37
2696
24
36
1112
24
39
3893
25
36
2424
27
29
383
28
32
975
29
40
2170
30
44
1939
30
53
3447
31
53
3229
34
38
864
34
44
957
34
48
2405
36
46
841
36
48
3068
40
45
805
41
44
397
41
51
1925
42
52
1246
43
45
448
43
46
584
44
49
1359
45
49
871
46
53
601
