0
27
4775
0
63
13478
1
16
4354
1
19
1886
3
14
1607
4
23
2614
8
18
1468
8
31
3756
9
22
2349
10
19
1348
10
22
2201
12
24
2714
15
24
717
19
21
528
21
31
1427
21
45
4128
22
26
1002
28
37
1268
28
38
1822
33
38
1073
33
56
2214
34
54
5318
37
48
1456
39
62
4910
40
57
1434
41
64
4488
43
57
1897
47
69
3544
50
61
1622
52
75
2886
54
65
921
55
59
496
55
59
963
55
93
6331
56
76
3039
58
72
2311
59
74
1814
60
68
850
63
74
1351
64
73
950
69
90
1846
70
86
3719
70
92
4617
74
79
628
76
93
2798
76
94
2720
76
97
5429
81
99
3485
86
93
1932
88
93
573
