13
37
3429
27
31
919
28
48
3746
29
35
811
32
55
2874
34
45
2539
35
43
2298
40
46
1742
48
68
3083
53
58
1583
54
74
3294
59
68
2771
76
420
26437
81
85
675
107
116
1386
111
129
2203
113
114
177
117
126
1169
123
142
1450
143
151
1624
171
178
1078
171
181
1364
190
215
5467
204
467
65202
210
221
1486
222
237
4052
231
253
2087
242
258
3334
252
268
2133
254
271
2040
261
271
3239
264
272
2293
269
289
5048
284
287
476
293
442
26228
305
321
1827
306
327
3937
330
334
791
341
359
2826
345
354
2067
366
373
1907
366
392
4576
369
377
1654
396
414
2500
398
403
523
413
422
1017
457
464
717
