1
21
1
1
26
1
2
17
1
4
22
1
7
18
1
8
190
1
11
20
1
11
26
1
11
38
1
13
22
1
14
24
1
15
18
1
27
29
1
27
49
1
28
35
1
28
92
1
28
168
1
30
39
1
30
51
1
33
55
1
38
47
1
40
55
1
41
60
1
42
54
1
42
66
1
54
68
1
55
62
1
57
67
1
59
72
1
60
73
1
62
79
1
62
159
1
63
72
1
68
84
1
69
84
1
73
82
1
73
88
1
75
98
1
79
99
1
80
100
1
88
96
1
90
103
1
103
113
1
104
111
1
105
113
1
107
124
1
110
123
1
120
131
1
124
129
1
130
143
1
130
171
1
147
152
1
152
156
1
155
159
1
165
186
1
169
178
1
173
195
1
178
193
1
179
196
1
