0
19
4495
2
11
784
7
19
1134
7
22
2159
7
25
3935
7
30
3070
7
67
8963
8
11
560
9
12
774
10
31
3011
11
26
2052
12
20
948
13
18
778
14
24
1750
14
33
2946
14
72
5806
16
18
501
17
34
3982
18
29
2787
19
28
2001
19
63
6331
20
69
4613
20
70
8328
20
72
5284
21
38
4584
21
41
2379
22
40
1340
24
45
4378
26
47
4530
29
40
1937
30
37
713
30
51
3077
32
46
3270
32
47
2010
34
42
1910
36
55
3869
37
51
2767
38
49
2723
38
50
2373
39
53
1470
42
56
2048
42
57
1347
43
50
1230
44
54
1096
46
64
3565
47
64
2560
48
64
1421
49
61
3636
49
68
2465
50
68
3850
52
64
1560
53
63
1157
53
68
2425
54
72
5231
54
76
4840
55
66
2299
55
69
1648
58
67
2274
62
74
1961
63
74
1823
63
75
2025
