0
16
1740
0
103
22837
2
11
1666
3
108
13642
4
26
3719
9
17
1335
13
25
1690
13
99
8347
16
31
3159
17
36
1577
18
66
6892
19
28
2189
20
33
2693
24
42
1260
27
37
2062
28
38
676
29
54
3273
30
55
2212
31
40
932
36
52
1305
41
55
3614
41
62
5031
44
52
1246
45
53
1462
48
56
927
49
80
2548
50
60
1578
51
65
1604
52
74
2433
56
58
368
61
70
1355
62
80
2358
67
72
567
68
76
1040
70
77
951
71
96
5644
73
87
2841
74
78
876
74
93
3007
75
78
389
75
80
434
75
90
3236
76
89
2864
78
96
2626
80
102
4100
81
99
2756
83
89
716
88
96
1274
88
106
2971
90
108
4437
91
100
834
93
103
2331
94
102
1688
98
105
1642
102
107
777
