0
8
1552
3
22
3965
4
27
6897
5
15
1388
7
21
2694
7
88
8965
9
16
501
14
34
2055
15
19
1442
18
36
4352
24
29
474
24
31
598
24
48
2521
30
39
1200
34
44
1170
34
53
4508
34
134
19005
36
51
965
41
56
2167
52
62
1430
57
64
662
59
80
3277
59
81
5283
60
82
6779
60
86
2229
61
70
618
61
76
1696
64
109
3926
67
88
4170
72
85
3490
74
89
1130
76
91
1402
77
95
5020
78
83
751
80
88
1753
82
93
1684
82
100
5130
84
89
1719
86
94
1327
88
102
1087
89
95
1742
91
98
1771
93
106
2531
96
107
2313
96
113
3242
96
115
3185
100
122
2996
103
106
516
104
119
1624
111
128
5054
115
124
1935
121
126
410
122
128
1836
124
134
2175
