0
13
1992
1
56
4452
2
13
3137
3
16
1086
3
16
1505
4
9
848
4
12
926
5
72
7440
6
27
3477
7
13
1334
8
18
1599
9
26
2539
11
16
529
11
20
912
11
23
3128
12
37
3751
13
26
1620
13
29
1009
13
29
1514
13
39
3677
16
30
1729
16
69
13110
17
25
1397
22
28
721
22
67
3938
23
59
6366
25
27
756
26
37
1876
26
38
2673
27
43
2230
29
41
1109
29
44
3156
29
45
3477
31
51
3258
34
44
1367
36
43
1690
36
53
2700
38
53
2631
39
51
1546
39
59
2763
43
51
1011
44
61
3128
46
57
1606
49
57
2002
51
56
1472
53
62
741
54
63
1591
55
63
1146
55
65
1827
55
69
3884
56
72
1736
57
68
1562
57
74
4492
58
71
2048
59
70
1090
59
74
1321
60
69
1295
62
76
3568
63
70
494
66
73
765
70
72
394
