3
14
1
13
30
1
15
35
1
21
239
1
23
49
1
25
225
1
26
41
1
27
41
1
28
39
1
31
196
1
36
52
1
44
56
1
56
70
1
58
65
1
59
84
1
76
85
1
86
90
1
86
100
1
90
136
1
91
115
1
93
101
1
98
107
1
109
121
1
112
126
1
121
137
1
126
143
1
134
148
1
136
150
1
144
156
1
153
178
1
156
159
1
157
178
1
159
163
1
160
183
1
166
172
1
167
178
1
170
181
1
174
177
1
176
193
1
182
193
1
184
210
1
189
192
1
189
196
1
191
197
1
196
210
1
199
220
1
206
214
1
212
222
1
222
250
1
226
232
1
230
243
1
247
248
1
255
259
1
257
265
1
