0
15
1
3
8
1
3
253
1
19
25
1
23
191
1
25
28
1
26
40
1
29
33
1
34
40
1
50
58
1
65
84
1
66
75
1
67
85
1
71
287
1
74
83
1
77
98
1
84
102
1
84
105
1
88
105
1
89
114
1
98
100
1
98
101
1
98
114
1
98
174
1
105
121
1
116
120
1
116
129
1
124
128
1
124
141
1
131
141
1
136
150
1
138
146
1
138
153
1
157
171
1
157
180
1
167
185
1
176
192
1
180
186
1
187
203
1
188
194
1
189
206
1
191
200
1
200
215
1
200
215
1
207
221
1
210
231
1
214
232
1
216
218
1
228
234
1
234
250
1
239
254
1
242
244
1
245
267
1
251
264
1
261
269
1
262
283
1
263
276
1
268
292
1
272
298
1
283
291
1
