9
34
2418
9
425
49870
14
19
1216
18
30
1471
19
26
1249
58
60
478
58
579
68818
69
82
2724
69
568
55815
84
88
717
84
103
1848
86
103
2673
96
109
3258
97
113
1832
131
154
2775
132
137
444
141
158
3297
144
148
591
157
169
821
161
591
61121
240
243
486
241
471
29320
248
253
1114
263
276
2926
267
279
1736
285
301
2081
288
292
1083
292
296
505
295
310
3039
296
312
1856
333
342
1479
340
362
2501
351
359
838
363
379
2613
377
401
2802
379
389
718
391
401
839
394
405
791
420
423
693
425
440
1580
440
455
2407
449
460
1392
457
466
1621
460
470
1915
463
479
1632
479
506
3597
486
560
10172
497
506
1413
501
509
1182
502
529
3682
504
512
1019
505
517
2395
523
531
2026
542
559
1973
543
545
354
543
560
2375
569
575
1342
577
586
1012
584
601
2072
584
604
2440
601
618
1686
614
618
607
