6
196
50707
7
16
1263
7
34
2904
9
34
4609
10
18
1950
15
219
30075
25
26
445
29
46
3084
36
53
2137
37
43
1175
45
65
3942
52
70
1652
53
64
859
56
157
5960
65
166
7626
67
74
1411
69
81
2296
69
83
3746
72
73
131
79
91
1564
79
94
2158
81
103
4366
84
94
2724
92
99
2108
108
128
1941
109
181
17037
113
120
927
113
121
1197
117
130
1976
121
129
1684
126
140
2042
128
134
1626
129
139
848
130
138
2274
137
144
1571
144
160
3366
146
166
3148
166
177
2520
183
191
1959
187
196
1578
191
210
3125
195
211
2198
200
219
3443
207
216
2293
