0
13
3558
0
62
8130
1
8
1090
2
39
3079
5
56
11471
6
32
3752
7
20
1738
8
20
1322
9
30
1331
9
50
4109
10
30
2708
11
21
660
11
34
1897
12
24
2806
13
26
904
14
15
160
14
52
5147
15
21
856
17
20
511
17
28
1837
17
39
2074
17
61
4798
19
25
1996
19
34
1357
19
38
2611
21
40
2986
22
28
622
22
43
3583
24
27
441
24
37
1882
26
28
412
26
42
1153
27
44
3996
27
63
6406
28
41
1424
28
45
2818
30
34
517
31
39
2478
31
46
1615
36
45
1025
38
56
2443
39
46
1649
41
55
2166
41
55
3472
42
55
1520
42
55
1370
44
47
258
45
52
1548
46
55
2858
47
58
2223
47
59
2207
48
51
746
48
54
1328
52
54
386
53
59
698
55
63
1353
59
63
726
