0
13
2836
0
67
7447
1
6
649
1
71
9960
2
17
2921
4
15
2264
5
18
1799
5
18
1718
5
25
3015
7
16
1805
11
27
2558
13
24
2162
13
30
4288
13
35
4601
14
21
1522
14
32
2003
17
31
2434
18
54
4612
18
59
8073
20
46
4309
20
62
6935
21
40
4084
23
33
1271
24
44
2646
26
37
1096
27
37
1567
27
42
3856
27
42
2640
31
48
5141
31
51
4553
32
43
1118
33
42
1556
34
43
2010
36
47
2380
37
44
848
37
59
1664
38
55
4536
39
56
3525
39
65
2899
40
52
1118
42
53
1528
42
61
2910
42
66
4860
44
53
1531
44
65
1782
45
71
5932
47
55
885
48
56
1139
49
54
510
49
65
1765
50
53
853
50
66
4663
50
72
4018
53
74
5336
55
64
949
56
64
2102
56
73
1731
59
67
1140
60
62
493
64
74
1846
