1
4
540
4
17
1202
4
18
1726
5
30
5639
5
118
8528
6
15
1539
7
18
1068
13
20
1283
13
23
1182
16
29
1219
23
37
1179
25
39
1602
26
113
9324
27
39
1734
27
46
3886
40
49
1407
42
51
1077
42
55
2402
45
55
1206
47
58
2176
48
51
617
48
68
3914
50
52
307
50
59
861
52
65
1568
53
72
1374
60
78
3464
64
79
1994
70
71
266
71
81
2149
78
93
1826
81
89
760
84
90
875
85
107
2543
87
94
690
87
95
1715
89
92
445
92
96
532
94
105
1797
95
98
480
96
112
3606
98
110
1987
100
105
910
100
109
2190
101
108
1623
101
118
1291
107
119
1794
114
118
1209
114
121
793
