2
298
1
3
7
1
4
21
1
7
28
1
8
32
1
9
29
1
10
38
1
15
19
1
15
27
1
15
31
1
15
32
1
17
82
1
25
29
1
41
271
1
43
56
1
44
53
1
45
61
1
50
60
1
53
62
1
56
66
1
57
80
1
73
95
1
75
83
1
80
93
1
85
89
1
98
116
1
101
106
1
101
118
1
102
110
1
102
113
1
111
117
1
112
118
1
116
122
1
135
148
1
135
148
1
137
141
1
141
152
1
141
158
1
142
153
1
151
155
1
157
164
1
165
174
1
166
182
1
190
202
1
190
216
1
195
207
1
211
222
1
220
235
1
222
238
1
222
304
1
226
241
1
231
235
1
238
252
1
242
250
1
244
246
1
252
270
1
263
284
1
269
288
1
274
283
1
284
290
1
297
303
1
