0
64
12927
1
4
1049
1
9
1821
1
10
1624
1
60
9552
1
73
14902
4
12
1493
4
23
2463
5
24
2049
5
26
5154
5
58
11803
6
29
5279
7
42
2657
9
16
1412
10
30
2268
11
26
1550
11
33
2146
11
36
4127
12
15
756
12
34
2242
13
33
2454
19
26
1107
19
27
900
19
33
1666
20
22
511
22
32
1515
23
44
4337
23
55
4642
24
40
1071
24
48
4461
24
60
5686
25
42
1546
25
43
2808
26
50
3245
27
35
1721
27
42
2059
27
68
3960
28
37
1056
29
38
1528
33
45
1582
36
39
559
37
44
507
38
43
1241
42
60
3106
43
47
283
44
46
423
48
60
2152
50
69
3058
50
69
3993
53
72
3077
54
70
1608
56
65
2171
56
69
3485
57
62
1052
58
70
2986
60
66
1636
62
68
823
64
73
1194
68
73
927
