0
5
1150
0
14
2889
1
24
3730
2
11
1006
2
18
3770
3
56
6956
4
17
2667
4
31
5116
4
35
3782
5
12
1649
6
15
1472
6
18
823
6
56
3855
8
17
1831
8
23
3415
10
19
650
11
24
1808
11
33
4303
11
34
2409
12
15
546
12
22
1804
13
38
4870
13
38
6340
15
21
1407
15
35
2118
17
29
1438
17
40
2843
18
26
1556
20
24
974
21
28
1510
21
28
1491
22
37
4102
22
48
4453
23
42
3498
24
42
3967
26
53
4180
27
45
3045
28
46
4041
29
42
3801
29
50
3322
32
57
2509
33
55
5109
34
57
2037
35
46
890
36
39
755
37
39
416
37
47
2022
37
52
2729
37
56
2350
38
46
1029
40
47
1188
41
47
441
43
48
1207
43
53
1676
43
54
1079
46
54
1484
49
52
775
54
57
757
