0
21
1
6
100
1
13
39
1
14
160
1
15
28
1
16
21
1
19
21
1
24
42
1
24
152
1
29
52
1
29
55
1
30
46
1
36
53
1
37
53
1
40
47
1
42
46
1
45
193
1
50
69
1
51
54
1
57
74
1
58
79
1
61
166
1
62
80
1
66
80
1
70
87
1
77
86
1
77
95
1
78
86
1
78
104
1
80
98
1
82
83
1
88
122
1
93
101
1
96
104
1
98
115
1
100
119
1
112
121
1
114
117
1
117
121
1
118
137
1
119
127
1
124
127
1
131
155
1
132
203
1
135
146
1
135
161
1
139
159
1
143
164
1
145
147
1
148
164
1
149
163
1
150
172
1
154
162
1
154
179
1
165
188
1
168
183
1
177
186
1
178
193
1
180
188
1
180
197
1
182
184
1
