5
9
641
5
148
11700
13
136
21288
13
312
25851
15
21
444
19
44
5439
21
35
2560
21
259
25803
33
40
1331
43
318
43411
46
65
2154
53
70
1196
68
138
17144
79
94
2304
80
94
1909
83
95
2414
87
94
1969
90
109
2018
90
136
5115
102
111
934
103
111
1097
104
122
4628
112
114
648
112
126
1842
121
129
1029
133
142
1906
135
144
1485
142
157
1288
144
150
681
147
161
2108
158
171
1808
164
172
769
165
180
1711
169
180
1564
170
175
1115
173
180
1075
177
197
2071
180
192
2886
190
201
2287
196
209
1606
197
212
2960
202
210
1334
202
318
23828
212
236
2741
213
222
1947
219
225
1655
220
224
364
244
259
2231
244
261
1279
247
252
1384
253
257
693
262
273
1134
269
287
1994
273
293
2141
276
290
2179
280
303
2635
284
294
1010
292
301
1269
300
319
1776
303
317
1658
304
307
486
306
315
1962
307
319
1849
308
312
503
