11
154
1
24
409
1
40
103
1
43
53
1
44
59
1
45
52
1
50
58
1
61
68
1
62
73
1
79
94
1
84
93
1
93
101
1
99
133
1
100
109
1
111
383
1
112
122
1
123
144
1
124
132
1
143
154
1
158
176
1
160
162
1
160
168
1
168
457
1
171
175
1
176
187
1
176
192
1
176
202
1
182
196
1
182
521
1
203
495
1
236
245
1
238
253
1
241
255
1
247
261
1
260
262
1
280
295
1
298
317
1
321
339
1
336
341
1
346
363
1
348
365
1
348
376
1
369
390
1
370
382
1
371
374
1
390
396
1
404
410
1
432
442
1
450
463
1
455
468
1
458
479
1
465
476
1
493
500
1
504
521
1
511
521
1
517
527
1
