1
9
1091
2
13
700
4
20
2596
4
81
10734
5
11
519
5
11
1402
5
29
4196
6
83
10974
8
18
2298
8
33
1687
8
82
12661
10
13
687
11
19
1104
17
30
2025
19
38
2544
21
29
1993
22
25
756
22
27
860
22
51
4152
24
47
2843
26
35
658
33
45
949
36
50
2789
37
44
955
40
74
9526
43
58
2279
44
54
1419
44
66
3285
45
53
867
45
59
3212
47
59
1842
49
60
1921
50
65
1343
53
71
2315
54
67
1475
59
70
1404
59
74
2506
59
75
2664
61
70
901
61
74
1159
61
74
1336
61
77
3035
62
83
6084
64
71
2090
65
78
2613
67
83
2106
68
78
2132
70
77
701
70
82
1147
71
81
1940
77
80
908
