1
20
1
6
27
1
8
15
1
16
19
1
18
37
1
28
257
1
33
39
1
39
48
1
42
259
1
44
63
1
47
55
1
48
51
1
50
65
1
68
87
1
81
97
1
82
85
1
83
86
1
86
101
1
98
106
1
99
119
1
100
110
1
100
122
1
104
118
1
105
116
1
112
118
1
115
126
1
116
129
1
118
137
1
123
136
1
124
131
1
136
141
1
136
156
1
146
157
1
147
154
1
147
156
1
156
175
1
166
174
1
168
176
1
177
182
1
179
184
1
183
192
1
185
207
1
186
205
1
192
206
1
198
209
1
199
205
1
200
210
1
203
208
1
211
220
1
218
232
1
225
231
1
226
241
1
229
241
1
230
235
1
246
264
1
275
277
1
