20
29
1
21
34
1
23
49
1
27
33
1
29
39
1
32
41
1
32
44
1
32
53
1
42
52
1
48
61
1
50
62
1
55
78
1
66
84
1
68
89
1
86
103
1
88
92
1
90
99
1
92
105
1
93
110
1
96
97
1
103
106
1
104
116
1
109
116
1
110
116
1
111
121
1
118
129
1
123
147
1
125
134
1
125
135
1
133
142
1
136
153
1
145
159
1
146
155
1
154
240
1
156
166
1
166
182
1
170
175
1
185
190
1
193
217
1
195
210
1
198
213
1
201
217
1
204
212
1
210
226
1
214
234
1
219
233
1
233
249
1
236
243
1
248
251
1
248
272
1
249
262
1
251
257
1
262
274
1
263
266
1
265
266
1
