3
10
899
5
9
593
5
12
867
6
21
1884
11
19
846
14
20
1096
14
141
10582
16
29
2159
22
50
5020
23
35
2220
23
36
1925
30
86
12218
34
52
3211
37
42
451
38
55
2373
39
51
863
47
67
4412
47
146
20011
51
70
2433
57
69
1523
57
76
1638
62
72
3108
70
81
1055
70
94
1431
73
80
996
74
96
5884
81
98
3864
86
109
4088
88
91
579
93
105
3059
98
102
853
98
109
1345
99
111
2548
102
104
220
105
108
991
108
117
1757
108
123
3297
108
128
1936
109
111
260
110
115
960
110
136
1957
114
116
378
125
141
2202
126
145
2426
135
146
1145
