0
12
1046
0
74
8089
1
9
1301
2
68
10103
3
46
8625
3
65
10933
4
14
1344
5
72
11805
6
20
1754
6
31
2449
7
55
5753
8
21
2997
8
49
6806
9
27
2869
9
30
3044
10
19
2354
10
21
1958
10
30
1554
11
25
1192
11
70
9573
13
34
3829
15
24
2110
15
29
2074
15
31
2271
15
74
6208
17
23
1233
19
22
721
19
28
763
19
31
1354
20
32
1189
21
39
2137
22
47
2645
23
33
1018
23
61
8947
26
37
1332
27
37
2483
27
51
5300
28
33
611
31
37
1904
32
40
1072
33
68
3545
34
44
1261
34
45
709
34
48
2078
35
45
2129
35
49
2510
36
39
959
37
52
1735
37
56
2870
39
56
4320
44
52
1468
45
53
1336
45
59
1698
51
71
3157
55
57
477
55
71
2398
56
66
1604
56
66
925
57
67
1783
57
67
1343
62
65
722
72
76
416
