0
22
1
1
202
1
3
27
1
7
23
1
10
196
1
11
21
1
16
31
1
17
98
1
18
40
1
22
34
1
23
33
1
33
48
1
35
41
1
37
60
1
38
55
1
44
57
1
48
73
1
55
72
1
56
67
1
57
73
1
58
66
1
61
75
1
68
73
1
71
86
1
72
77
1
72
84
1
79
90
1
83
91
1
84
99
1
84
99
1
84
174
1
86
103
1
86
105
1
88
94
1
88
102
1
97
200
1
98
113
1
102
112
1
109
118
1
119
129
1
127
135
1
129
137
1
129
149
1
136
145
1
143
145
1
143
148
1
146
172
1
147
164
1
150
152
1
150
174
1
156
172
1
157
175
1
162
174
1
162
188
1
163
167
1
165
205
1
174
181
1
180
198
1
184
189
1
186
204
1
190
195
1
201
211
1
202
212
1
205
209
1
