0
13
2841
1
20
1960
3
74
15371
4
5
163
4
9
1117
4
20
2276
4
22
3051
5
14
1409
6
10
484
6
78
9162
7
26
1942
8
9
315
9
20
2351
10
20
1016
11
28
1397
11
36
2759
13
21
1259
13
22
1010
14
30
1116
14
33
4098
15
53
3682
16
26
894
17
26
1327
24
35
2495
25
30
827
25
38
1856
27
36
920
34
50
2617
35
45
2354
35
58
4176
36
44
1354
42
73
4638
45
50
979
46
66
2160
53
58
573
53
72
3022
54
66
1179
54
76
1809
55
65
1434
57
65
1750
58
64
1256
58
74
3001
60
72
1826
61
71
927
63
68
764
64
79
2693
68
76
1555
71
78
1826
77
80
467
