0
16
1560
2
22
4210
7
19
2028
7
27
3820
8
91
15343
10
20
1798
10
79
14670
11
28
3029
12
15
538
13
20
822
16
26
2123
16
87
14564
18
32
1218
19
22
491
19
31
1630
19
34
3070
22
30
1031
24
42
4187
27
38
2385
28
34
1113
29
46
3117
33
43
1105
34
43
1678
34
46
1707
38
53
1985
39
48
2584
40
53
2279
40
54
1766
40
61
3647
42
52
1240
42
54
1252
44
53
534
44
62
3723
45
54
2193
45
68
3454
49
69
2541
49
72
3977
50
58
547
54
67
1609
54
76
2448
55
60
1123
55
67
2759
60
67
992
63
71
887
63
76
1212
66
76
1500
70
80
2515
71
89
3475
72
84
2751
73
77
632
73
85
2054
73
86
1362
78
90
1561
84
88
753
85
88
468
