3
57
4245
4
12
1837
5
56
9136
5
59
4400
6
15
618
6
55
8060
7
21
1718
7
62
7196
8
10
190
8
31
3192
9
68
8384
10
17
1228
12
31
3075
14
28
1593
15
24
1919
15
27
1472
17
32
2439
19
25
1358
20
30
1216
20
37
3526
21
29
1813
24
49
2571
27
37
2563
28
47
3906
29
38
1586
30
43
1341
30
46
3987
31
34
807
31
44
2784
31
52
2958
32
38
1064
33
35
266
33
50
2254
34
43
1576
35
46
2806
38
44
633
38
72
5691
39
40
363
41
66
3982
42
61
4297
44
47
892
46
50
478
48
59
2451
53
61
1201
56
58
296
56
63
1322
58
64
746
58
72
1975
61
64
309
61
68
1422
61
72
2166
