0
15
2751
0
21
1725
1
17
3390
1
19
1579
3
12
2076
3
16
1279
6
14
1196
6
18
1472
7
12
937
8
21
2280
8
32
2615
9
19
1538
9
28
2482
9
42
5257
11
18
973
11
22
851
11
37
6749
12
30
3194
13
26
3287
13
30
2017
13
37
3535
14
33
2748
14
48
8129
15
46
3931
16
26
1999
16
29
2429
17
31
3840
17
33
3142
19
47
2499
20
32
1841
22
26
1207
25
41
3945
26
32
1315
26
35
1226
26
41
3318
27
44
4572
29
36
1031
29
44
1573
31
36
1406
31
46
3056
33
36
693
33
38
1604
33
43
2174
34
41
1829
37
39
293
38
45
1135
40
45
532
40
46
911
41
43
249
