0
456
99672
18
348
32133
21
492
45405
40
48
1526
44
55
1805
44
376
70764
47
55
842
48
66
3851
53
77
3568
54
62
825
62
86
2569
63
81
2119
63
84
2692
69
77
856
70
487
60129
93
100
769
107
116
2070
108
119
1933
141
147
490
148
160
2102
148
505
49009
149
168
4496
156
176
4320
163
177
3818
173
187
3250
196
198
568
216
219
504
221
234
2330
227
239
1795
243
250
952
248
251
602
248
261
2310
272
286
1370
283
296
4064
319
329
2882
327
338
2137
390
397
1311
395
409
1905
402
416
1932
402
417
2967
404
409
995
404
413
860
420
445
2939
437
445
1950
438
452
3231
442
459
1867
448
463
1565
463
478
3071
466
476
2019
481
503
4409
483
493
2489
