0
69
11373
0
73
6271
0
78
11464
1
12
1833
2
11
1332
2
14
1161
2
17
1495
5
25
2189
6
9
943
6
14
1702
7
13
1028
7
28
4197
8
12
706
10
30
4306
12
39
5745
13
22
1149
14
23
1721
14
68
4283
15
18
1084
17
29
1960
18
28
2409
18
44
3228
19
31
1228
19
38
2211
24
39
4609
28
37
989
29
46
2580
31
41
1108
33
48
3580
35
47
2904
37
49
2314
39
53
3473
41
43
603
45
55
667
46
68
3921
48
62
2011
50
60
2579
50
68
3060
55
63
1420
55
78
4388
58
62
729
59
74
2595
60
73
1404
62
80
1751
63
68
473
68
77
1664
69
75
2000
70
72
469
75
80
738
