0
11
1824
4
13
2170
5
12
1230
5
16
2145
6
71
10621
8
20
1978
9
13
582
13
20
946
19
101
10867
20
28
2424
21
26
743
21
32
1634
22
43
2246
27
39
1443
27
41
1683
31
49
4279
35
51
2663
35
55
2099
36
54
1716
38
46
628
39
45
1925
39
50
1351
42
43
227
42
75
6547
46
59
3286
47
65
2261
48
64
2891
49
119
5849
50
61
2202
52
73
3964
53
75
2869
53
120
12504
55
71
2839
62
68
640
62
69
1256
62
69
2099
62
73
1020
69
91
2785
70
78
1144
75
82
553
76
88
1461
77
94
2252
78
98
2517
80
102
5322
92
106
1073
92
109
3220
94
100
821
102
111
1724
104
114
1679
110
116
691
