0
22
4784
0
81
13080
3
19
3531
5
19
1034
6
20
2201
6
62
7933
6
83
21453
7
21
4351
7
72
3891
8
14
1190
9
27
2703
9
31
3315
9
59
5447
10
18
1135
10
20
1362
11
26
2036
12
17
1124
12
24
1461
16
24
1070
16
28
782
16
39
3258
19
71
9772
20
34
2164
20
35
1207
20
36
1443
22
36
3867
26
46
2733
27
41
2814
27
50
5676
29
33
596
33
43
1513
35
81
7571
38
51
2822
39
53
3694
44
50
684
45
48
657
47
70
3541
48
62
2877
49
73
1941
54
72
2623
56
71
2012
58
64
960
58
65
1182
59
64
665
60
67
1042
62
78
1475
64
72
2336
64
77
1326
66
82
1616
68
76
561
73
78
430
