12
16
1
20
32
1
27
45
1
47
50
1
61
66
1
67
84
1
74
90
1
90
111
1
92
434
1
96
103
1
112
134
1
140
155
1
144
167
1
152
158
1
155
166
1
156
175
1
160
168
1
164
181
1
173
427
1
179
192
1
184
191
1
187
193
1
195
213
1
195
389
1
201
207
1
208
217
1
217
240
1
227
231
1
235
256
1
245
252
1
250
258
1
268
277
1
274
289
1
286
460
1
290
299
1
301
309
1
314
322
1
318
333
1
332
482
1
347
367
1
353
362
1
356
373
1
358
370
1
358
379
1
365
372
1
370
379
1
378
398
1
401
403
1
407
426
1
428
440
1
447
450
1
457
480
1
464
469
1
515
522
1
536
560
1
553
563
1
554
559
1
560
561
1
563
572
1
575
585
1
