2
11
1
2
541
1
10
136
1
14
33
1
16
282
1
21
37
1
50
62
1
59
70
1
68
94
1
68
94
1
72
91
1
72
481
1
80
462
1
81
95
1
91
105
1
95
106
1
97
101
1
99
112
1
108
130
1
110
123
1
117
125
1
120
129
1
143
152
1
152
156
1
174
180
1
177
187
1
185
195
1
188
202
1
199
213
1
199
216
1
209
219
1
235
244
1
245
251
1
254
260
1
287
293
1
312
317
1
321
349
1
322
337
1
329
344
1
354
370
1
355
365
1
359
375
1
365
375
1
398
419
1
420
427
1
453
462
1
469
480
1
489
510
1
494
521
1
501
522
1
506
514
1
506
519
1
506
523
1
517
534
1
523
539
1
