4
7
397
4
8
751
4
13
2385
6
15
2075
6
16
1018
6
21
3530
7
30
4296
8
19
1929
8
24
4281
11
22
2117
12
64
5962
14
21
1902
16
29
3205
16
32
1865
16
85
9373
17
27
1758
18
22
830
20
36
3607
22
38
2209
24
81
11817
26
45
2119
29
36
1677
29
54
3073
30
50
3861
31
36
642
32
44
1772
36
52
2096
36
58
4033
38
52
2415
38
53
2125
40
50
1758
41
52
878
43
53
1099
43
53
1394
45
58
2878
50
58
1998
50
65
3165
52
70
1537
54
76
5704
58
64
734
58
69
1460
58
74
1659
58
76
2811
63
68
912
69
84
4406
70
78
787
70
78
754
70
87
2005
73
80
1834
78
79
539
80
87
963
81
84
762
83
86
928
