0
18
1847
1
139
33525
9
130
11943
10
12
469
10
33
3087
10
129
31112
11
19
1982
13
130
18308
16
20
613
16
25
2169
16
108
20870
17
28
1175
17
34
1453
17
42
6899
19
104
14230
20
29
1934
21
37
1223
21
44
4644
23
28
1145
25
34
796
26
41
3865
28
37
849
34
36
409
36
139
18110
37
56
1961
41
49
1798
46
52
1085
50
55
799
51
71
3665
52
63
1782
57
65
947
59
65
1118
59
76
2200
60
73
1785
60
80
2568
65
72
1305
66
71
915
67
71
814
71
92
3537
72
89
3191
75
79
445
76
88
1650
84
95
1957
84
101
2504
87
103
1607
87
105
1173
91
98
1119
95
102
1832
97
116
3986
101
104
658
106
119
1680
110
118
1076
114
125
1262
115
136
2838
123
136
3157
126
134
1092
