6
11
1
20
24
1
20
538
1
25
39
1
27
35
1
28
36
1
34
42
1
46
70
1
53
66
1
54
579
1
62
70
1
71
290
1
75
81
1
96
604
1
98
101
1
112
119
1
128
138
1
129
138
1
130
140
1
131
147
1
134
148
1
138
148
1
163
604
1
186
193
1
188
196
1
193
198
1
214
220
1
222
235
1
232
252
1
250
264
1
264
274
1
266
281
1
267
283
1
269
290
1
277
279
1
283
289
1
285
313
1
287
301
1
294
307
1
329
332
1
336
339
1
350
364
1
366
385
1
369
387
1
371
397
1
374
377
1
392
396
1
401
413
1
406
433
1
425
440
1
448
453
1
448
460
1
450
457
1
464
469
1
495
504
1
496
503
1
525
529
1
525
534
1
542
568
1
546
557
1
554
563
1
598
605
1
