0
10
1737
7
26
3805
10
21
1298
14
35
1800
15
94
7330
16
27
2850
24
37
2699
26
41
2679
43
233
29339
46
274
50675
46
274
28734
48
237
25070
49
58
1128
50
59
952
51
75
6048
56
70
2551
60
65
1163
61
68
1171
69
211
23252
70
83
1705
74
78
580
77
84
1474
77
97
2601
78
95
4018
98
104
1742
105
123
4000
112
134
5901
115
124
1375
123
138
1768
127
131
420
130
147
2754
130
150
1640
131
135
1031
132
213
10668
133
146
1292
134
142
1325
135
147
1404
141
151
2440
142
158
3237
148
160
2734
164
168
997
168
176
794
168
177
2176
173
185
2132
175
184
1002
189
216
5187
194
200
798
197
203
909
198
207
1575
205
228
3303
234
247
4086
247
255
1079
247
261
3229
251
257
915
256
270
2523
