1
225
41420
6
9
622
9
225
30359
10
14
1224
14
26
2713
29
37
1940
33
229
30218
34
45
1064
43
48
597
49
62
2429
51
57
486
57
74
1694
59
69
1093
60
78
1661
71
72
414
73
83
1708
98
106
634
108
132
2260
110
114
1306
116
133
1400
118
132
2854
122
126
506
127
140
2009
134
145
1366
135
145
1579
139
155
1629
147
159
1809
150
171
2947
151
171
3435
152
159
735
153
161
1355
160
174
2754
173
181
488
176
201
4720
178
188
594
179
185
917
181
188
978
181
190
1043
184
197
3330
186
201
1037
186
205
4322
195
208
911
197
209
1656
215
219
332
219
233
886
226
234
806
229
234
467
