12
415
32428
15
30
1407
21
245
33396
30
50
5628
33
42
1061
50
65
2153
52
66
2112
56
441
61794
70
80
975
104
127
3324
107
126
4411
115
465
66723
118
122
749
124
146
2620
126
135
910
129
137
690
131
156
4990
134
147
2952
137
163
5393
141
195
6183
142
160
3251
147
160
3225
158
181
3598
178
347
28781
200
210
567
207
215
1542
222
241
3579
224
240
2509
225
233
1812
225
327
11999
231
240
1327
240
246
1760
265
271
494
269
278
1039
272
407
35913
334
356
3043
337
352
3321
346
356
2265
349
356
1100
358
377
5632
366
389
5595
370
391
5584
380
391
1162
397
403
714
403
411
1427
422
441
1669
464
473
2003
472
478
1134
