6
268
1
9
20
1
14
28
1
17
32
1
20
277
1
22
26
1
33
225
1
36
41
1
40
52
1
42
56
1
45
272
1
46
281
1
49
61
1
55
82
1
57
178
1
80
94
1
85
101
1
86
93
1
89
99
1
94
162
1
100
116
1
105
123
1
106
123
1
108
114
1
108
129
1
110
122
1
113
121
1
115
132
1
116
124
1
136
193
1
138
144
1
144
157
1
167
179
1
170
187
1
173
182
1
187
198
1
193
198
1
195
206
1
195
209
1
196
214
1
203
217
1
209
221
1
211
218
1
214
235
1
216
224
1
216
227
1
220
226
1
222
240
1
235
258
1
241
250
1
243
260
1
244
255
1
245
272
1
247
262
1
255
277
1
259
266
1
260
268
1
270
290
1
271
277
1
276
280
1
