0
8
1232
1
57
9657
2
19
3539
3
14
1092
3
70
17140
4
25
1339
6
26
2472
6
41
2907
7
17
1982
7
29
4283
9
16
641
9
24
2191
10
16
1313
11
21
867
11
32
4564
11
44
6624
11
44
10065
13
22
2072
13
25
1731
14
30
2380
14
36
3791
17
44
4134
17
63
9453
21
34
3957
21
44
2150
22
37
2973
22
43
2155
23
37
1417
23
40
1940
24
49
2971
26
35
758
27
29
381
27
31
793
27
40
1732
28
30
817
28
37
2432
29
38
885
30
38
853
31
63
5346
34
41
1220
34
44
1717
35
46
3048
36
45
1064
36
58
1803
37
45
970
37
49
3354
39
54
1933
43
48
1430
44
50
541
45
56
2798
46
56
2620
49
54
644
49
68
2047
50
51
129
51
62
1597
52
63
2574
54
58
504
55
63
880
55
63
964
56
60
821
56
64
2432
57
71
3410
59
62
563
59
69
1075
