3
20
2622
4
14
1218
5
23
5616
7
19
1561
10
28
2438
13
24
2195
16
25
1771
18
22
582
20
27
600
25
38
1238
26
45
3195
31
39
2270
32
39
1636
32
51
4368
36
49
1387
36
61
4832
37
60
1436
43
60
3868
45
51
1299
48
55
811
49
54
1362
49
60
1636
51
60
2190
51
69
2986
51
87
3925
53
68
2545
56
74
1937
57
68
1918
58
64
881
61
81
3544
61
88
4880
72
90
2159
72
93
4655
72
94
5668
73
87
1234
75
87
2474
75
92
2920
76
97
2775
77
86
2053
77
91
2126
77
93
3355
81
101
1414
84
92
1041
84
100
2562
85
102
2341
86
101
4456
88
97
888
90
95
351
92
97
1488
92
97
408
94
101
1881
97
102
1031
