0
58
10818
2
4
241
3
12
1827
4
7
946
4
16
1924
4
28
3036
5
16
710
5
19
3964
5
63
8475
6
23
3252
8
22
1702
8
23
2466
8
23
3082
9
18
1840
9
21
3616
9
31
3053
10
42
2549
12
23
1200
14
67
6388
15
21
774
15
24
1121
15
30
2224
15
35
2484
16
25
2655
16
25
1352
17
34
2760
17
37
2851
20
40
2278
23
29
1033
23
31
1928
24
34
1016
24
37
1406
24
43
4247
25
49
2467
26
38
1409
27
30
768
27
35
1925
28
39
2900
29
48
5293
29
52
1935
30
54
2176
31
48
1627
34
40
1032
34
59
1615
35
47
1666
37
45
994
37
57
5125
39
47
2233
41
57
1595
44
46
488
44
51
715
44
56
1484
44
61
2289
46
63
3875
46
64
3410
48
54
1263
48
59
1399
51
62
1835
52
65
2907
53
56
451
58
64
1200
