1
4
1
1
8
1
1
50
1
1
83
1
2
4
1
2
14
1
4
10
1
5
14
1
8
12
1
10
23
1
10
106
1
11
26
1
13
19
1
13
23
1
15
19
1
16
85
1
18
22
1
23
30
1
23
89
1
27
46
1
28
36
1
34
47
1
34
50
1
34
52
1
37
97
1
38
43
1
40
48
1
41
49
1
43
48
1
44
48
1
44
73
1
45
68
1
47
69
1
49
53
1
50
89
1
53
88
1
54
73
1
56
58
1
56
68
1
56
77
1
58
76
1
64
70
1
66
77
1
67
71
1
67
80
1
69
71
1
69
82
1
71
88
1
71
89
1
71
92
1
74
93
1
77
86
1
78
93
1
79
86
1
81
88
1
81
90
1
83
87
1
83
90
1
84
93
1
85
106
1
86
100
1
87
103
1
89
99
1
96
101
1
