0
8
1296
1
16
1687
2
114
13748
7
16
1052
7
27
3465
9
13
977
10
20
1982
11
41
3663
11
96
7979
12
25
3076
15
95
9869
16
27
701
16
33
4533
18
28
959
23
44
2491
26
31
925
27
128
18376
28
54
3575
29
44
2011
31
55
6219
39
45
745
40
54
2592
41
53
1752
48
58
1797
49
55
1804
49
56
639
49
64
1645
50
71
1807
52
117
9216
53
110
9981
56
63
1339
66
74
1359
66
82
4556
66
83
1143
70
93
2410
72
79
1631
76
86
1357
81
102
3175
82
102
5397
90
96
717
92
97
927
93
108
3580
93
110
1235
95
109
2547
98
105
813
101
107
1147
107
128
3462
110
116
1342
111
120
1916
114
121
638
114
132
1911
121
131
1449
121
132
2325
