0
20
5952
2
8
1897
2
163
24507
5
148
19091
6
18
2409
6
21
2054
6
28
4723
6
141
29524
7
138
14964
8
25
1877
11
158
25937
16
32
3037
19
157
34994
25
32
637
26
28
453
26
31
1704
29
44
2613
29
138
30218
35
50
3243
36
62
3088
40
47
1399
48
53
1687
48
58
1018
48
72
2765
50
56
791
50
65
1790
51
52
210
56
75
4814
56
163
23252
67
74
1894
69
79
1386
69
83
2476
72
83
1698
74
82
1499
77
90
1380
78
86
2218
88
98
2581
94
107
2556
100
104
1080
103
108
1130
103
122
1879
104
128
4574
106
117
1719
118
127
1238
128
144
2164
134
154
2046
139
145
1213
140
155
3060
144
153
1408
