0
11
3046
3
16
1095
4
122
15638
7
18
1357
9
34
3153
11
19
1750
12
18
432
15
21
653
16
128
27858
18
37
3013
19
25
968
23
31
1811
23
36
2189
25
52
3583
26
38
3305
28
32
571
33
35
558
35
52
1707
36
44
1295
37
46
869
37
119
11056
38
129
21710
40
58
2482
40
136
11007
41
53
1888
42
62
4478
42
64
4577
42
65
3881
44
52
2409
45
52
1440
51
54
566
57
69
1118
57
76
2969
58
59
317
59
81
2427
67
94
6877
72
76
780
77
94
2372
82
89
1129
83
91
1034
83
96
1540
84
122
5017
87
99
1564
89
108
3301
93
100
653
93
107
3321
95
116
4284
100
105
647
102
128
3876
104
112
1003
105
111
1914
105
122
4418
114
127
2105
119
138
3642
123
124
296
126
133
1581
