0
5
502
0
112
7789
4
11
1393
4
15
1441
4
103
8528
6
17
1494
6
81
14299
7
16
1054
7
24
2498
9
19
1712
10
25
2807
11
31
1887
15
63
6334
16
80
8369
17
28
902
19
31
1627
20
28
891
20
36
1436
29
32
385
30
53
2999
31
58
3113
33
49
1972
34
36
669
34
43
1328
37
54
3175
37
57
4722
39
61
2418
40
65
3020
41
55
3088
43
53
578
44
56
2961
45
56
1077
45
59
2214
46
57
1774
46
68
3402
52
55
652
54
64
1275
56
75
2624
57
63
943
57
65
1757
57
72
3350
58
64
915
60
71
2233
68
78
1720
68
79
1088
70
79
1721
70
80
2597
76
95
2717
77
100
2156
78
93
1559
81
93
1735
82
97
2454
86
107
4402
92
104
2976
94
101
1608
95
100
1199
97
100
919
