0
61
12192
1
8
1660
1
14
2011
1
25
5122
2
6
834
2
13
3081
3
20
1994
3
27
5757
4
11
966
5
24
1891
6
19
2549
8
10
207
9
17
676
10
24
1256
10
32
5940
11
26
1913
11
31
1719
11
32
2402
13
19
1044
15
31
2840
16
25
1568
16
52
7357
17
27
1316
17
27
1177
17
33
3461
20
23
545
20
63
4516
21
30
1491
21
45
2099
22
31
2271
22
38
2927
24
34
1588
25
36
1463
26
33
2236
26
41
2335
29
42
3375
29
46
2090
30
38
1920
31
63
3098
33
52
2656
34
35
240
37
48
1754
38
43
1566
39
58
2401
40
48
643
40
50
1993
40
57
2107
41
57
2047
42
56
3088
43
52
1679
43
56
1395
43
60
4345
44
49
782
47
57
2155
48
65
1180
49
60
1984
50
54
617
50
62
2162
61
64
645
