1
6
1
10
25
1
19
29
1
20
29
1
40
50
1
48
64
1
56
278
1
59
76
1
66
82
1
80
89
1
86
205
1
91
101
1
91
102
1
93
113
1
101
551
1
137
147
1
143
154
1
159
176
1
181
191
1
190
200
1
190
200
1
194
207
1
203
211
1
204
220
1
216
220
1
226
251
1
229
245
1
229
257
1
231
239
1
240
250
1
244
531
1
258
272
1
284
288
1
286
288
1
310
327
1
329
348
1
332
347
1
337
353
1
337
353
1
338
360
1
350
364
1
380
388
1
401
407
1
410
557
1
412
436
1
425
447
1
438
447
1
441
447
1
448
455
1
455
470
1
478
497
1
485
506
1
507
511
1
508
515
1
533
534
1
535
544
1
557
559
1
