1
15
1766
2
20
3752
2
23
3966
3
4
229
3
16
2326
3
45
4096
4
16
1294
5
38
7890
6
14
1514
6
30
2441
8
20
2445
8
21
3454
8
32
4700
9
22
1919
9
25
2339
10
19
913
11
22
1816
11
34
5566
12
21
1290
12
24
1347
13
24
990
13
32
2572
14
16
839
14
25
1524
16
27
1411
16
33
3098
16
34
3632
17
31
2873
17
38
3752
18
30
1678
19
41
2694
21
33
2026
21
34
1726
24
42
3913
25
34
2281
26
40
1772
26
47
4843
26
48
3414
27
34
1644
27
44
1545
29
43
2479
31
37
696
31
42
1974
33
47
2628
34
41
1367
35
43
748
37
49
1308
39
49
1765
40
48
615
42
50
2199
43
47
408
