0
17
4115
10
33
4100
10
71
11370
13
24
3091
14
31
1187
15
23
1182
15
50
4944
16
19
595
20
25
1088
20
32
1718
23
33
1519
26
93
12992
30
40
1541
32
42
980
44
60
2520
44
102
10237
50
55
1580
54
70
2252
55
70
2796
57
60
630
57
62
631
61
122
13347
63
73
2827
63
77
1528
64
71
997
65
80
2366
70
78
742
70
89
2488
71
181
9593
80
86
1368
83
87
357
85
122
6798
86
96
1337
91
101
1341
95
102
693
95
117
4241
102
110
1532
103
104
214
103
116
3344
104
119
3713
107
115
1648
108
124
4022
108
136
5094
117
126
2665
125
135
1683
125
185
7230
127
143
2902
135
147
1672
148
165
4092
150
162
1306
153
167
1531
156
167
2409
158
167
1978
161
165
604
166
179
2219
169
181
2546
