2
25
1
4
15
1
4
21
1
5
198
1
7
19
1
8
21
1
9
22
1
10
25
1
10
32
1
11
20
1
12
19
1
14
19
1
29
39
1
29
43
1
30
51
1
32
55
1
35
45
1
46
60
1
47
69
1
48
50
1
49
72
1
50
64
1
51
66
1
58
81
1
60
82
1
63
73
1
66
81
1
67
70
1
67
77
1
78
89
1
93
101
1
95
111
1
99
101
1
99
110
1
101
124
1
106
113
1
110
121
1
110
135
1
113
124
1
113
133
1
114
126
1
118
135
1
118
140
1
120
142
1
126
133
1
126
142
1
131
140
1
132
181
1
135
156
1
141
149
1
143
152
1
153
177
1
154
169
1
157
169
1
158
174
1
166
175
1
167
176
1
169
173
1
169
192
1
177
194
1
180
183
1
196
204
1
