0
11
2683
0
56
4188
1
5
1070
1
45
5326
1
53
7467
1
59
5906
3
20
2001
4
29
4302
4
68
7863
5
9
979
5
26
3718
6
22
3254
7
8
351
7
19
1036
7
19
2921
7
44
3429
8
27
4843
9
20
1812
10
18
1022
10
56
9730
10
59
5883
13
25
1494
14
53
7720
15
20
766
15
29
2999
18
43
3938
20
45
3253
20
56
8157
21
29
950
21
30
821
24
30
548
25
39
1770
26
32
864
26
44
2571
27
60
3945
29
50
2429
30
44
1099
30
48
2411
31
51
5203
32
38
957
32
41
1626
32
47
2772
32
47
3044
37
43
956
38
48
888
38
59
5144
39
49
874
39
55
2202
39
61
3326
45
55
2030
49
58
2042
49
64
2221
51
64
2287
53
64
1307
57
64
1161
57
69
2670
