1
10
1674
1
45
12764
1
67
9094
1
67
5101
2
8
656
3
9
534
6
28
5826
7
18
1395
7
24
4074
11
31
2927
12
15
463
12
22
909
14
25
2338
15
23
910
17
42
2533
17
47
6833
19
37
3920
20
37
3896
21
32
1669
23
43
4396
26
37
1155
27
35
2166
27
46
4113
28
35
1214
30
52
2680
31
33
305
34
37
489
34
53
1788
35
48
1509
35
49
2603
36
44
1525
39
48
1022
39
56
2487
42
54
1804
43
57
2446
44
55
896
45
58
2626
45
66
5386
46
54
1410
46
55
2323
47
71
2372
50
57
2272
52
59
775
52
69
3621
53
63
1365
53
65
2608
53
69
3224
56
67
2304
58
71
1939
59
62
402
