1
2
234
1
83
22693
2
9
1833
2
15
1094
3
27
3328
4
9
911
5
7
594
5
31
5765
5
57
6607
6
22
2538
6
27
2478
6
28
3997
7
14
1078
8
29
3248
13
21
867
14
31
2384
14
37
2567
17
36
4660
18
25
701
19
24
471
23
43
2263
24
41
5089
25
34
814
25
89
9725
26
48
2418
28
30
212
30
33
535
30
49
5581
31
64
4450
32
35
571
33
37
591
33
41
913
33
42
1536
33
43
1045
38
61
6185
40
44
1134
43
47
785
43
55
2559
44
49
962
47
68
2011
48
65
1538
49
59
2574
49
60
3444
49
64
1926
49
87
5586
51
69
1968
54
58
713
55
61
623
55
65
2634
55
73
1381
56
65
1451
56
80
2455
57
66
1400
57
67
2680
58
66
1765
61
74
2841
64
72
955
66
76
961
67
79
2991
68
72
1340
69
75
824
70
78
1080
78
85
949
