0
9
1011
0
16
4182
1
22
2100
1
28
4257
2
124
23233
3
25
2635
8
21
2323
10
11
184
15
23
1905
15
25
1446
15
26
1184
16
40
3006
19
45
2516
20
30
2060
23
27
456
23
28
1259
24
25
241
26
48
4282
27
123
13964
29
46
1964
31
36
639
32
38
441
34
45
1774
34
58
2921
36
44
1040
37
59
2306
37
67
4087
38
55
2768
38
64
3354
40
64
3448
46
51
676
50
55
1179
51
61
1821
55
77
3270
61
111
9845
67
81
1838
70
78
758
71
85
1347
71
88
1951
75
84
1841
76
91
2879
77
100
1533
78
82
937
78
86
1545
82
93
2419
85
91
755
85
92
732
85
95
869
87
92
626
94
107
1680
94
111
1542
94
112
4091
97
113
1617
97
115
1688
100
112
1902
101
121
2633
104
122
2847
107
121
2974
108
121
3189
110
119
1829
111
125
2247
113
116
384
117
123
1390
