0
84
14513
0
84
14212
1
28
3332
1
84
8866
2
13
2396
2
14
3179
2
25
4563
2
81
11601
3
17
2058
3
24
3008
6
25
1781
8
9
236
8
16
2701
8
23
2776
8
31
3363
10
25
4401
13
26
2355
13
27
1944
15
36
2155
16
25
1425
19
32
1171
19
32
1928
22
37
1799
24
34
930
26
43
2264
27
55
3673
29
38
2046
29
39
1331
29
80
4765
31
34
351
35
51
3595
36
43
960
38
50
2131
38
54
1540
41
50
2119
45
59
1552
46
73
6713
47
62
3927
48
51
461
50
65
2218
50
69
5280
51
76
2382
52
71
2245
54
58
319
54
65
2741
57
72
3127
58
63
597
62
69
1174
63
67
829
63
73
2790
65
84
5442
67
73
954
69
72
655
70
83
976
73
84
922
74
81
1014
74
83
896
74
83
1229
80
81
364
