1
10
1367
2
9
2235
3
10
1123
3
15
1748
3
32
6679
7
21
3246
7
23
2844
9
40
3927
12
16
832
12
32
2855
13
29
3780
14
29
1939
15
45
4985
17
30
1459
19
22
667
19
53
3212
20
84
3630
22
45
2578
24
33
882
25
40
2281
28
37
1756
29
43
3467
29
62
6213
31
58
2009
32
37
671
36
61
4298
41
47
637
43
59
4073
47
63
1543
49
63
3160
50
62
1568
50
90
4030
52
55
924
52
67
1603
52
71
3485
53
75
3210
54
64
2014
55
59
1041
55
63
900
56
60
865
57
71
2149
59
72
1232
59
85
2399
59
87
4062
61
69
546
61
82
4895
62
64
669
66
67
466
66
72
1179
66
83
4478
67
77
804
67
78
1061
69
71
571
70
81
823
78
88
1234
82
88
765
85
96
1399
85
97
1779
90
97
851
93
95
536
