1
6
1
3
15
1
3
71
1
3
102
1
5
20
1
6
22
1
13
36
1
15
32
1
16
33
1
16
37
1
17
43
1
22
132
1
24
34
1
28
147
1
33
45
1
34
45
1
36
54
1
38
47
1
41
46
1
41
47
1
42
56
1
42
59
1
49
74
1
54
136
1
55
62
1
56
69
1
60
68
1
61
70
1
62
68
1
63
69
1
63
83
1
68
81
1
69
74
1
69
82
1
72
85
1
73
77
1
74
144
1
76
94
1
78
99
1
78
133
1
79
94
1
79
94
1
81
87
1
84
99
1
86
101
1
87
94
1
87
101
1
90
121
1
91
100
1
102
107
1
104
112
1
105
126
1
109
121
1
113
120
1
115
133
1
116
134
1
122
127
1
123
130
1
123
146
1
132
152
1
136
139
1
