1
6
924
1
26
2268
2
24
5572
4
18
1477
6
7
287
6
19
1228
6
20
2822
6
49
5866
7
16
2555
7
17
1866
7
47
6142
8
41
4217
8
53
12391
9
35
3193
11
59
11477
12
32
1940
13
37
2404
16
26
965
17
24
794
18
30
701
20
45
3943
21
27
1007
21
40
2110
22
24
212
22
39
1219
23
29
804
23
37
1359
23
48
2630
25
32
1288
25
35
1294
26
30
687
26
30
1183
26
46
3540
27
38
991
29
37
1530
29
38
2282
29
61
6850
30
45
2871
30
46
2249
31
40
1052
31
43
2716
31
59
1957
32
45
1375
32
47
1876
32
49
1872
33
44
902
33
50
3070
33
56
3896
34
49
3145
36
47
1641
42
59
2364
45
55
1243
46
55
2331
50
59
1488
51
57
919
