1
10
1
18
29
1
19
29
1
27
34
1
27
207
1
33
36
1
33
43
1
37
71
1
39
48
1
39
56
1
45
60
1
49
69
1
50
56
1
67
89
1
75
85
1
78
96
1
86
97
1
93
101
1
93
302
1
103
112
1
105
118
1
115
132
1
117
140
1
125
129
1
127
143
1
127
146
1
132
145
1
147
159
1
147
166
1
152
168
1
154
163
1
156
162
1
167
183
1
168
180
1
172
191
1
188
214
1
192
193
1
195
213
1
197
205
1
200
212
1
206
222
1
207
228
1
217
235
1
219
242
1
220
232
1
221
235
1
221
249
1
226
233
1
227
238
1
234
257
1
251
266
1
252
270
1
254
263
1
267
273
1
275
294
1
276
291
1
277
294
1
277
301
1
285
296
1
289
301
1
289
304
1
290
294
1
305
319
1
314
317
1
