0
14
2039
1
18
3420
1
34
4966
1
58
4549
3
17
1623
4
7
330
4
12
1043
4
51
7435
5
14
1583
6
26
4290
7
11
753
7
15
1724
8
19
1357
12
26
3958
13
20
674
13
24
1851
13
30
1756
14
27
1926
14
36
5208
15
40
1549
16
28
2144
17
34
1211
17
38
1860
18
21
417
18
30
2710
18
38
2636
19
36
3075
21
32
2570
22
29
751
22
46
6891
23
30
1883
24
36
2615
24
40
3755
24
45
1829
25
31
768
25
35
1829
25
39
2100
26
29
571
28
31
496
28
39
1546
31
40
1970
31
40
906
31
43
1423
32
40
1253
33
40
911
35
49
1787
36
44
1161
36
45
1611
36
49
2678
36
54
1671
39
44
800
39
53
1519
39
58
2695
41
50
2251
42
50
1840
45
57
1416
46
54
1179
49
58
1501
53
57
750
