1
27
4969
2
8
1156
3
62
7016
5
20
2683
5
58
4825
7
10
1060
7
26
3996
7
27
3322
9
22
2778
9
41
4560
10
26
1241
13
21
1095
13
61
6932
14
43
5559
15
25
1426
15
26
2144
17
24
1611
19
29
2559
19
30
1451
20
27
700
20
40
2341
21
42
4328
22
38
1690
23
34
2168
23
41
3894
24
31
983
24
51
2969
25
39
3261
27
34
1261
27
42
3152
28
42
1051
29
42
2344
29
51
5055
31
38
785
31
42
1870
31
44
1312
31
46
1527
32
45
1857
32
48
1899
36
41
445
39
42
309
42
49
1025
44
53
2022
44
53
1195
44
56
2288
46
55
2044
48
58
1700
50
64
1309
51
61
1113
52
62
1030
56
63
1738
56
64
2271
63
65
688
