0
5
560
1
4
661
3
165
16504
6
247
40786
15
30
1173
15
37
3296
16
23
1662
35
41
782
42
52
2277
45
55
1958
46
53
609
47
247
21388
51
74
2341
52
57
1115
53
62
1636
55
67
2979
58
68
939
62
74
2814
66
81
1919
78
89
3142
84
88
570
89
114
2914
94
108
2805
99
119
2269
101
109
1362
102
109
1474
106
110
882
110
115
538
123
136
2039
127
134
783
132
155
2880
133
148
1744
134
220
14472
138
149
2363
148
218
4996
149
153
804
151
161
1812
153
169
3141
154
170
1588
156
169
2813
160
168
1086
176
186
1766
178
193
3552
179
189
1399
186
196
1702
195
203
1023
208
229
4009
208
231
3370
215
231
2332
233
248
1946
