3
204
1
5
197
1
9
19
1
14
22
1
14
27
1
15
34
1
16
26
1
19
29
1
21
41
1
30
49
1
33
49
1
34
51
1
34
120
1
36
178
1
38
40
1
44
53
1
52
53
1
63
158
1
70
75
1
71
86
1
74
89
1
77
96
1
77
101
1
80
93
1
92
116
1
93
112
1
95
109
1
98
181
1
100
101
1
100
112
1
100
112
1
104
113
1
105
127
1
107
129
1
110
116
1
113
137
1
114
126
1
116
118
1
120
130
1
120
140
1
123
132
1
130
143
1
130
145
1
132
139
1
135
154
1
141
160
1
162
168
1
162
181
1
163
168
1
164
168
1
165
192
1
169
186
1
172
181
1
177
180
1
177
202
1
177
203
1
178
189
1
181
198
1
182
186
1
187
194
1
188
196
1
194
205
1
