0
6
1405
1
58
6031
1
63
8258
2
16
3163
2
16
2868
2
68
10235
3
12
1434
3
27
3410
6
51
5604
9
12
681
10
34
5605
11
22
1931
13
26
1630
13
26
1130
13
30
2823
14
15
230
14
25
1693
16
24
2223
16
58
7209
18
25
906
18
25
601
18
34
1480
21
24
609
21
35
3315
21
40
5104
23
42
1510
24
28
931
26
41
921
30
37
792
31
41
1623
31
44
2838
32
41
1185
33
42
689
35
46
2656
36
44
1563
38
56
5535
40
50
2079
42
47
1166
44
66
3430
46
53
1284
50
65
1951
52
64
1657
55
57
534
58
68
1708
59
61
343
59
64
953
60
66
1379
64
67
1078
