1
7
1
1
21
1
3
8
1
4
122
1
4
150
1
6
10
1
6
12
1
8
23
1
9
13
1
9
23
1
11
22
1
11
24
1
11
26
1
12
37
1
14
16
1
14
23
1
15
31
1
22
37
1
27
35
1
32
37
1
32
45
1
35
150
1
37
60
1
46
58
1
49
59
1
49
62
1
50
55
1
51
57
1
52
59
1
53
88
1
57
85
1
68
82
1
70
75
1
71
89
1
74
85
1
75
85
1
78
81
1
82
87
1
84
93
1
84
100
1
84
103
1
98
109
1
99
105
1
109
121
1
111
115
1
111
117
1
111
120
1
113
128
1
114
128
1
116
132
1
117
128
1
117
130
1
119
128
1
126
137
1
129
140
1
129
147
1
130
149
1
133
141
1
134
143
1
135
139
1
137
141
1
139
146
1
