2
85
1
3
24
1
9
16
1
10
20
1
10
26
1
12
175
1
15
27
1
16
83
1
17
30
1
18
31
1
20
28
1
30
43
1
34
37
1
34
61
1
38
137
1
46
70
1
48
58
1
52
64
1
55
59
1
57
76
1
61
68
1
64
84
1
66
72
1
67
81
1
68
80
1
69
78
1
69
79
1
69
81
1
70
74
1
74
79
1
74
85
1
76
97
1
82
97
1
85
101
1
89
107
1
92
101
1
95
115
1
95
117
1
98
189
1
101
107
1
106
114
1
114
123
1
114
191
1
118
138
1
123
132
1
129
135
1
129
138
1
130
143
1
152
163
1
153
161
1
156
161
1
163
168
1
163
169
1
163
174
1
164
172
1
164
185
1
166
178
1
170
177
1
181
198
1
185
191
1
193
201
1
