1
19
3868
1
127
20710
2
19
4088
8
18
1377
12
22
833
14
18
765
17
38
2223
20
29
1347
22
42
3433
24
36
1214
27
35
782
30
36
1440
31
37
891
33
36
310
33
54
3718
33
124
11010
36
40
808
38
45
1326
38
46
2097
40
133
16702
47
48
394
49
52
614
54
91
5859
55
68
819
56
63
1117
56
65
1486
60
84
4607
66
73
1193
69
76
982
73
79
1375
73
83
1036
73
90
2948
81
100
1771
82
100
1623
82
105
1426
85
91
1982
86
87
197
90
105
2310
92
95
367
94
105
1934
94
127
8023
95
99
744
97
113
3557
101
107
673
102
125
6361
103
120
1510
103
122
3777
106
114
1153
112
124
2894
114
134
4698
116
132
2628
121
126
1009
122
135
1528
123
131
679
129
132
395
