0
16
3725
7
77
16658
9
26
1764
13
21
1432
13
25
1370
15
20
1373
17
33
1652
18
42
2397
18
61
6626
23
35
1846
23
56
4541
25
155
15628
33
58
5257
34
49
1102
35
62
1846
41
61
1859
42
62
5637
46
61
1738
47
55
2629
48
55
1067
50
56
1146
52
66
2467
56
65
2286
56
69
3023
58
74
4674
59
69
2613
63
79
1570
64
79
3664
65
78
3610
66
91
2554
67
84
2062
73
75
307
75
85
2121
75
88
1398
77
79
183
81
98
3595
89
98
1356
92
106
1260
93
110
1835
95
105
1475
98
124
4391
99
112
1992
101
108
1191
101
114
2098
106
117
2216
106
124
5216
108
114
1416
112
122
1910
113
132
4267
116
122
1466
119
146
3889
121
126
1006
122
135
1896
125
145
2341
126
132
1342
129
140
2341
129
144
1963
132
139
806
133
137
842
134
152
4614
134
155
4147
135
148
2183
137
147
1048
