1
27
1
7
447
1
41
59
1
48
70
1
55
73
1
59
73
1
62
75
1
62
528
1
66
68
1
66
77
1
71
480
1
73
81
1
73
168
1
80
97
1
95
108
1
100
157
1
106
126
1
116
136
1
123
137
1
151
464
1
169
181
1
183
194
1
188
203
1
206
214
1
215
231
1
223
234
1
236
439
1
241
251
1
266
274
1
275
298
1
278
293
1
285
303
1
312
320
1
319
332
1
320
346
1
328
508
1
337
340
1
369
506
1
379
404
1
383
402
1
402
422
1
414
431
1
422
429
1
441
454
1
446
457
1
447
458
1
447
470
1
462
483
1
468
470
1
470
484
1
473
489
1
489
515
1
507
521
1
538
539
1
