1
17
1548
1
21
2169
1
69
9016
2
6
365
2
17
1623
3
14
1262
4
14
805
5
24
3596
6
14
1944
8
16
1441
13
42
2916
14
23
960
15
25
886
15
28
1204
16
27
2151
18
24
1508
22
32
1377
22
43
3734
22
44
5420
24
67
6403
25
33
820
25
37
2202
26
33
645
27
38
1966
27
48
3478
29
43
2467
31
51
5115
33
45
1790
34
42
696
34
47
2958
34
49
2143
35
60
5069
36
52
1164
37
57
2079
38
44
758
38
44
1133
38
48
1328
38
52
3031
38
59
2716
38
63
3076
39
46
807
39
47
2280
39
48
846
39
49
1764
39
50
1398
40
46
798
40
56
3118
40
65
3911
42
52
1623
42
55
2655
43
49
1413
43
57
1994
43
58
2556
46
52
1398
48
61
1899
49
67
1561
50
52
352
50
62
1844
51
68
4282
54
69
2018
55
67
3546
59
69
2384
67
68
320
