0
4
469
1
2
321
1
9
1599
2
8
690
3
26
2640
3
40
9096
4
23
3700
4
53
14201
5
13
1238
5
48
8258
8
30
4061
9
17
1455
9
27
4215
10
28
4720
10
47
4846
11
20
975
11
22
1250
12
15
679
12
22
1573
13
18
809
13
45
7132
14
36
3843
16
19
916
17
38
3151
19
35
1385
20
30
1943
21
38
3891
22
32
1975
25
38
1976
26
44
3637
27
38
1355
29
44
2592
30
33
462
30
44
3334
31
32
192
31
35
1150
31
39
1093
31
41
2407
32
48
2492
33
49
3936
33
49
3032
36
55
4121
40
49
918
42
53
2308
42
53
1705
48
59
2395
48
59
1731
52
56
619
