0
12
2847
2
23
3071
5
13
832
5
27
4953
6
18
1076
26
47
5374
29
36
1243
37
80
9687
38
246
25074
40
63
2241
43
193
21430
71
102
2946
71
120
14135
75
86
2364
77
87
1566
90
98
878
98
122
3826
103
204
10126
104
109
722
105
116
2822
108
123
2790
113
130
1473
114
117
374
116
134
1658
117
143
3271
124
133
1766
127
140
3092
139
155
2067
143
153
1699
145
162
2891
149
173
2658
155
165
2119
156
164
743
156
170
2656
158
169
764
170
176
946
170
186
1336
175
194
2981
177
185
764
186
212
3196
187
199
1706
195
208
1311
196
216
3402
197
205
659
197
209
1903
199
217
1903
207
215
1365
214
229
2567
216
217
368
218
230
2236
227
237
2417
241
250
919
244
246
283
246
254
1153
250
264
2237
