0
54
11056
2
19
4205
2
77
7117
4
18
3253
5
12
1472
6
9
385
8
17
828
9
76
7083
9
77
12228
10
22
994
11
22
1525
11
28
2122
14
19
893
14
23
867
14
32
3022
17
27
1307
17
27
1913
18
37
1619
20
28
1869
21
31
2101
21
32
1983
21
43
3885
22
36
1422
26
43
2062
26
45
3916
28
42
1453
32
47
4208
32
74
3631
33
42
1516
33
43
876
34
51
2852
34
60
5376
36
43
838
37
46
739
38
50
1257
40
47
1461
40
55
1709
42
51
1053
43
59
4135
44
52
848
45
61
2994
46
56
1228
46
57
1947
46
64
2642
47
72
7055
48
49
509
50
60
794
50
60
2397
50
69
3242
50
73
4242
54
57
632
57
67
2398
59
78
1420
61
64
659
62
68
820
66
69
355
