1
6
1359
1
77
17038
4
13
1028
4
23
4732
5
12
893
5
81
9806
8
14
522
9
56
8485
11
20
1408
11
28
3426
12
16
454
13
30
3129
14
40
6505
16
19
737
17
30
1498
20
47
3962
21
36
2408
22
42
2848
23
30
1122
27
72
6316
29
42
1905
29
45
3685
31
37
513
31
42
1686
31
54
2785
32
41
1198
32
48
2526
33
35
830
33
42
800
35
41
594
35
49
1440
35
51
2829
36
53
1773
37
79
7250
38
42
820
38
54
3299
40
53
1099
40
55
2542
42
50
699
42
65
3435
43
47
1090
43
60
2738
46
53
1212
47
74
3344
49
52
405
49
57
846
50
69
3073
51
73
4019
56
63
636
62
81
4439
64
69
627
64
81
2107
65
81
1672
66
69
833
66
78
1714
69
80
2592
72
77
644
74
80
1186
