1
5
1030
1
74
18474
2
8
847
2
10
1287
5
16
1845
6
32
2341
9
35
1601
10
23
2845
12
18
680
13
53
4080
14
36
3578
15
33
5554
15
35
2904
17
22
421
17
36
2941
18
79
8722
19
30
1606
19
61
8488
20
26
972
21
35
1494
22
36
3190
23
44
2742
24
29
1233
25
35
1167
26
33
997
26
41
2166
26
76
6192
27
79
6247
28
50
2132
30
51
6117
31
51
3725
33
40
561
35
51
1922
37
38
173
37
42
335
39
50
2134
42
61
2686
42
61
2136
43
48
799
43
51
2097
43
63
2805
45
64
4454
46
55
1656
49
68
2043
51
63
1093
52
56
608
52
62
1264
52
62
2505
52
68
2097
55
65
1359
55
74
4844
61
68
1815
64
69
926
66
77
1824
67
74
2151
67
89
4832
68
75
1660
68
76
1403
72
74
253
72
79
899
77
88
1927
78
85
1946
84
89
577
