9
10
1
10
36
1
11
31
1
21
33
1
23
24
1
23
119
1
33
48
1
43
55
1
43
60
1
50
66
1
51
72
1
57
65
1
71
77
1
76
184
1
91
100
1
92
103
1
93
101
1
99
116
1
99
243
1
100
109
1
104
114
1
110
126
1
111
120
1
120
128
1
122
135
1
128
148
1
129
137
1
129
145
1
132
136
1
132
146
1
141
158
1
165
186
1
170
236
1
176
183
1
177
188
1
178
193
1
181
205
1
183
193
1
190
206
1
194
214
1
200
222
1
202
210
1
202
272
1
209
216
1
224
225
1
229
237
1
246
258
1
247
252
1
247
265
1
249
265
1
249
271
1
255
258
1
255
265
1
261
271
1
265
271
1
268
287
1
271
288
1
279
288
1
288
294
1
