0
4
1127
0
4
1048
0
12
934
0
50
5471
1
2
167
1
7
1056
2
11
1496
3
19
2019
4
12
892
5
12
1348
5
23
3497
5
26
3115
5
30
7322
7
21
1564
7
44
3721
8
10
387
8
15
1362
8
27
2536
8
28
2607
9
27
1978
12
23
932
12
45
4350
13
20
1547
13
29
2012
13
32
3077
14
33
1840
16
22
1775
16
23
1970
16
43
4101
17
28
1620
19
30
1976
20
32
1323
20
33
2206
22
47
2236
23
31
1967
24
38
1245
27
32
834
28
35
1359
28
44
1421
29
43
1248
30
39
1038
30
46
3784
31
36
485
32
33
388
33
41
1167
33
44
1384
33
50
2549
35
46
2108
35
48
2104
38
46
1095
38
47
1097
