0
22
6361
6
28
2078
7
23
2518
8
24
3604
14
23
749
17
27
2319
21
29
1174
22
44
5529
22
51
7080
23
37
2439
26
119
18384
27
44
3558
27
48
2597
32
41
910
33
187
16161
37
49
2738
41
54
2410
47
62
2551
53
62
1591
55
136
8742
57
65
1974
57
67
2062
59
86
6758
60
181
11572
61
79
3371
62
86
5740
67
76
1722
68
73
856
68
76
1446
76
92
3165
77
83
604
78
96
2234
79
92
2406
84
102
2674
86
99
1954
87
98
814
94
112
2176
100
113
2206
114
117
617
116
141
2756
126
139
1331
127
149
5494
128
136
2604
132
156
2935
135
155
2667
137
156
3618
139
160
4365
140
151
1862
140
161
2726
143
147
966
146
160
2172
147
156
2147
149
162
2531
152
162
1150
157
177
3614
158
161
727
178
179
291
187
206
4018
188
197
1149
192
200
1008
199
204
1714
204
205
364
