3
8
1290
7
148
16307
10
229
18533
14
22
1022
14
29
3124
15
33
4786
22
30
840
29
51
3367
32
53
3017
34
51
2576
39
59
4750
46
84
6724
47
49
321
49
63
3471
54
71
2724
56
67
869
56
67
1591
59
68
1343
61
74
1423
65
71
697
65
86
3555
74
98
5905
78
170
10540
95
111
2113
99
109
1069
112
119
1630
114
120
1123
117
129
3014
124
134
1809
124
139
1875
127
130
249
136
139
364
136
140
1279
138
154
1845
140
158
1522
146
151
431
148
163
2802
149
161
2636
151
171
2087
155
159
605
166
174
1608
183
195
1296
185
208
1785
186
211
2965
186
212
2310
203
211
1204
222
237
2598
224
228
501
224
235
1275
230
237
1121
