0
147
33704
3
14
2570
11
25
2253
13
24
1236
14
198
34236
17
39
5369
19
27
1825
23
49
2548
24
31
917
27
38
2210
28
45
3756
31
40
1999
32
41
1731
34
45
959
36
56
1819
43
56
1935
46
62
2807
49
54
877
51
62
1351
53
65
1384
53
65
2411
53
68
2357
58
197
16395
59
63
1120
59
68
785
61
75
3130
62
74
2469
65
74
2665
68
72
687
78
88
1555
84
98
2865
87
109
3929
87
110
4452
88
131
3948
90
97
851
91
99
1731
93
184
10972
96
116
4234
107
123
2442
108
120
1321
109
124
1674
112
128
2656
114
122
1217
114
126
2230
122
127
575
122
143
4131
124
149
2949
128
195
5594
131
140
900
131
143
2244
135
158
3398
141
160
5089
144
155
2618
147
154
862
154
164
2250
156
176
2848
159
171
1857
173
175
437
179
182
279
179
190
1213
