0
142
28013
2
17
4165
2
20
2007
3
8
555
3
13
1742
3
13
1612
11
24
972
14
62
8742
15
19
974
20
26
1379
20
33
4082
23
34
2814
24
31
1662
24
32
1458
24
32
1611
24
43
4557
28
37
1627
28
43
1738
30
42
1687
31
45
2841
34
49
2908
35
57
2764
36
50
3491
43
52
2190
44
67
6321
44
96
9978
45
50
1500
50
65
2024
53
63
1519
54
70
2888
57
66
1788
57
68
1498
59
86
3162
61
79
3493
66
76
1343
69
89
3448
69
92
4323
71
89
2858
74
82
1554
74
82
1376
78
82
938
83
102
2468
84
98
1429
86
91
641
86
93
563
87
91
603
88
94
1263
89
115
4799
91
100
1343
92
99
1065
96
105
958
98
102
560
101
104
987
108
124
1560
112
129
2956
113
115
664
119
136
3488
