0
24
1
1
18
1
2
9
1
21
31
1
29
56
1
31
48
1
35
44
1
38
50
1
47
61
1
50
56
1
50
58
1
50
62
1
57
65
1
59
66
1
63
75
1
65
69
1
67
77
1
71
87
1
75
85
1
86
97
1
97
105
1
99
107
1
105
170
1
108
130
1
113
114
1
114
117
1
124
137
1
125
132
1
129
139
1
129
146
1
130
154
1
135
144
1
140
147
1
143
158
1
149
162
1
152
168
1
154
163
1
171
194
1
171
197
1
173
197
1
178
199
1
192
196
1
209
224
1
213
229
1
221
231
1
224
234
1
230
241
1
235
242
1
245
255
1
246
255
1
246
256
1
247
268
1
258
269
1
269
283
1
272
280
1
274
278
1
277
281
1
277
286
1
