0
10
3167
1
392
46197
3
402
64859
4
17
3909
16
403
49701
24
39
1032
47
65
2398
58
321
50320
59
239
20863
80
91
3253
88
103
3245
90
97
740
94
95
237
99
113
1872
159
166
1466
161
181
3200
185
203
3400
194
207
1585
202
221
2180
238
261
3005
256
399
27148
273
288
3542
274
278
909
298
307
2300
298
308
1680
309
320
2214
315
337
2391
320
339
3609
329
336
1515
340
350
1855
342
358
3232
350
353
925
350
356
1865
354
366
1370
358
374
1571
363
372
1782
365
373
1217
373
378
480
382
394
1266
384
393
2102
395
400
692
