3
11
1244
3
30
4513
3
104
14153
4
13
1056
5
23
1683
6
68
9565
9
24
2250
9
24
1446
12
17
1098
13
25
2826
13
32
3596
13
33
5175
17
86
5123
18
35
2501
21
38
2833
23
32
1709
23
40
2139
24
38
2259
25
40
2367
27
36
1647
28
35
1266
29
40
1463
30
44
3556
30
49
4264
31
45
3399
36
59
3217
37
43
767
37
54
1481
38
53
1890
38
65
5218
39
52
2739
39
60
2534
40
44
1290
40
53
2275
43
59
2518
46
53
2012
46
77
3858
48
66
2623
49
61
1492
51
70
1709
51
72
1569
53
70
1656
53
77
1944
57
67
1425
58
67
1494
58
71
2583
62
88
4587
65
68
281
67
72
934
70
84
2503
71
81
1535
72
85
2706
73
85
810
73
100
4178
74
79
630
77
89
2775
78
102
5680
82
87
1570
82
88
1046
88
102
1578
89
104
3552
91
100
1705
92
103
1733
