1
569
66769
16
27
1112
21
41
1957
28
37
1823
35
62
7864
43
52
1191
66
68
446
79
90
2541
97
106
1250
112
126
4004
117
129
2630
135
157
3166
135
523
82522
151
156
448
162
176
1313
162
182
2107
178
191
2330
180
205
2451
184
194
1681
199
217
2389
232
239
1806
252
480
34372
264
278
1511
264
283
1555
287
289
481
288
305
2062
289
295
1089
291
312
3229
292
315
3264
301
322
5583
304
310
1765
309
318
1249
309
325
1250
310
316
1477
314
323
999
320
327
1773
324
339
1550
325
337
3794
333
344
1777
338
339
384
349
366
4234
362
376
1915
366
378
3567
369
376
1482
390
400
1515
397
415
3029
404
413
1700
409
416
1690
448
476
3621
452
465
1708
453
465
1390
461
472
1986
470
478
1404
491
506
1962
537
543
1213
556
577
1847
563
572
2384
563
577
2227
569
573
296
588
596
1920
588
603
1659
