1
80
8353
2
15
2143
2
20
2853
2
26
5689
4
6
422
5
8
359
5
15
1796
5
77
9449
5
80
8283
6
12
698
8
25
1783
8
26
3177
11
22
1487
13
25
1007
13
33
1913
15
16
514
15
24
2275
17
27
829
17
31
2175
17
33
1686
17
77
5149
18
32
1767
18
38
4376
18
40
2898
19
34
1855
21
39
2288
22
33
2210
23
44
4499
23
57
5424
26
36
1077
29
53
4150
30
38
2113
30
44
3016
35
39
470
35
48
1598
35
56
3505
36
44
1891
40
53
982
42
47
1002
45
59
3906
46
52
846
46
61
1404
47
63
4615
49
51
344
49
62
1193
51
61
1629
51
67
2478
52
69
1929
55
63
1238
57
66
1351
59
68
2047
62
72
1280
63
74
2230
63
80
2154
66
70
881
67
70
661
73
76
577
