0
69
14567
0
77
15026
0
89
12497
3
7
401
4
8
572
4
12
1175
5
20
2453
6
25
4224
6
27
1330
10
72
6266
11
21
1149
11
25
2735
11
51
4850
12
13
334
13
19
705
14
32
4435
15
22
1852
17
34
4270
18
31
2369
18
35
4368
19
28
2265
19
31
2395
23
31
1027
27
30
360
27
45
4177
30
48
2200
31
35
624
36
41
787
37
47
2652
39
54
1753
40
63
2437
46
60
2217
47
68
4183
47
88
5745
49
55
884
50
53
793
51
62
1745
52
64
1461
52
68
3323
53
70
2611
54
75
3660
56
63
673
57
68
2411
57
77
1912
58
69
2677
58
74
2531
59
64
1090
59
73
3583
60
70
874
60
77
2112
62
80
1755
68
87
1280
71
82
1771
73
81
1203
