3
11
1206
3
84
9157
6
10
453
12
24
1588
15
43
2914
19
116
23262
20
44
2878
23
42
3975
24
34
2384
26
27
497
26
32
1313
27
28
238
31
42
1315
32
59
2020
32
111
7815
33
40
1028
35
47
2974
40
53
1326
45
61
2073
49
57
1891
49
68
3784
51
55
588
52
62
1692
52
73
1625
53
65
2303
53
69
1480
53
76
3118
67
68
316
67
79
1618
70
82
788
75
93
2923
75
98
4373
77
99
2425
78
104
2764
81
104
3513
86
100
2545
87
98
2052
89
102
1485
91
104
3100
91
116
5175
94
103
2484
94
107
1356
95
106
3135
95
110
2632
96
98
276
103
114
1893
111
137
3244
112
133
1937
113
130
2786
114
128
3116
115
117
372
117
120
628
120
125
842
126
135
1526
127
135
1402
