1
15
2830
2
17
3012
3
16
1149
4
11
1301
5
10
823
8
20
1899
14
112
11893
16
33
3098
17
20
292
17
29
1892
22
26
1088
24
37
1119
26
39
1126
27
168
17044
28
33
515
32
50
1684
37
41
1198
38
48
1383
39
45
735
40
49
1329
46
52
852
49
63
4064
50
59
911
51
61
2226
54
61
1669
54
67
2611
57
71
2264
70
78
948
70
82
2790
81
100
2060
83
98
3699
88
97
1570
89
103
1654
92
104
2423
96
99
317
96
99
629
96
116
3780
98
120
3929
100
106
1778
101
105
861
101
125
2715
109
125
1674
118
143
3157
123
140
3237
125
136
1827
127
139
2834
129
146
2773
131
142
1587
146
168
3194
147
156
1217
148
161
2499
