0
12
1042
0
13
1721
4
406
88843
6
21
2442
11
25
2959
28
51
5610
31
38
730
35
350
51372
36
48
2014
43
56
2783
44
54
2965
50
53
725
59
333
60660
77
325
41660
84
100
4103
89
351
73801
90
102
1328
124
145
3203
149
169
3083
155
347
17259
171
186
3278
176
193
3143
206
208
415
216
239
2535
226
238
865
236
249
3418
236
250
865
253
267
4015
277
288
1680
284
306
5814
289
301
3399
296
322
5153
315
322
832
328
343
2793
338
351
2717
343
352
2200
349
354
899
364
370
845
367
376
1946
369
386
1460
391
404
1339
