8
29
2552
27
38
2066
32
366
48486
44
274
40930
59
78
4005
69
90
2340
70
287
48662
73
274
22860
74
91
2388
82
102
5365
85
92
1062
96
111
1656
100
106
669
102
109
1273
110
121
2672
120
125
643
127
133
1232
170
175
1524
181
202
2180
187
195
1591
187
196
2332
197
210
1562
202
209
1256
207
214
622
209
211
409
219
242
6438
223
232
1626
250
255
851
250
266
2912
253
268
2993
256
269
2515
270
279
1703
294
309
1878
296
321
2307
307
312
866
307
314
890
340
342
690
340
350
1591
358
369
2659
369
385
2701
378
388
958
393
447
6801
396
399
450
418
436
2685
419
431
1337
