1
10
1
1
12
1
2
15
1
6
16
1
7
12
1
8
22
1
9
19
1
10
20
1
13
20
1
13
24
1
18
70
1
19
32
1
19
46
1
21
24
1
21
35
1
23
42
1
24
41
1
26
43
1
27
144
1
30
39
1
30
43
1
36
43
1
36
50
1
38
63
1
40
46
1
40
48
1
40
53
1
41
51
1
42
51
1
44
51
1
44
53
1
45
64
1
46
67
1
48
57
1
54
91
1
57
75
1
59
73
1
65
71
1
66
85
1
69
72
1
70
71
1
75
86
1
86
96
1
89
111
1
91
104
1
94
114
1
101
111
1
104
117
1
105
110
1
107
120
1
113
115
1
116
141
1
118
138
1
119
133
1
120
130
1
122
133
1
128
134
1
129
148
1
133
136
1
137
149
1
141
148
1
143
150
1
