7
310
1
15
548
1
19
29
1
19
41
1
33
43
1
43
64
1
47
59
1
50
60
1
65
319
1
74
89
1
76
103
1
83
102
1
85
105
1
91
455
1
95
110
1
99
312
1
119
131
1
127
136
1
149
152
1
152
163
1
181
192
1
188
196
1
201
211
1
206
332
1
219
228
1
222
238
1
233
236
1
241
256
1
254
263
1
261
279
1
265
275
1
272
284
1
284
299
1
301
307
1
305
314
1
341
349
1
354
371
1
363
384
1
379
395
1
385
401
1
390
413
1
393
418
1
394
404
1
395
399
1
399
412
1
407
432
1
413
509
1
421
442
1
449
462
1
456
475
1
462
464
1
482
493
1
500
514
1
541
551
1
545
565
1
547
562
1
550
566
1
