7
30
1824
10
19
941
16
214
33889
22
92
8593
24
36
1152
29
242
18497
42
57
1457
43
48
1624
49
257
43532
52
58
1131
55
64
1078
65
82
2408
72
80
901
76
86
1759
76
87
1156
77
97
5566
83
87
613
91
100
1189
92
104
1364
95
115
3381
97
270
32261
100
108
726
101
117
4572
103
105
273
108
129
2530
112
125
1202
118
242
22776
120
128
848
124
142
2928
128
131
422
157
173
2454
164
172
985
180
203
2846
188
198
1363
196
206
2474
201
218
2468
201
221
5921
209
233
3393
214
223
2506
215
223
1006
220
246
2269
224
237
2411
227
229
636
233
238
965
233
245
2394
234
241
1001
236
244
894
236
244
1584
240
263
5441
243
259
3007
244
256
1603
251
268
3628
258
277
2465
263
276
3431
270
288
3128
271
292
2692
277
287
1147
284
294
2631
290
300
1408
291
299
829
293
299
1889
