0
7
715
0
16
2126
0
21
4177
0
52
10539
0
68
8595
2
17
1368
2
63
4555
3
12
1805
4
21
1820
4
43
5577
5
13
1087
6
9
1090
6
59
9239
7
25
4944
9
18
1981
9
20
1440
10
19
1100
11
13
554
12
28
2201
15
28
1439
17
36
4827
19
51
5228
20
38
3052
20
43
3013
21
32
1826
21
44
5054
22
31
764
22
42
4620
23
45
4983
26
34
2025
27
45
3071
28
53
2575
29
55
5893
32
41
634
32
46
1820
32
48
2541
33
51
2540
34
45
2667
34
50
1170
36
38
430
36
48
958
39
62
6311
41
43
521
42
43
295
43
50
1569
46
59
2741
47
64
2185
47
66
2557
53
58
700
56
72
2811
58
66
1357
62
71
920
