1
12
1779
4
17
1990
4
19
1904
4
20
4126
5
22
2294
5
35
3238
6
17
1896
6
25
3096
7
49
4480
8
16
1163
11
31
5694
13
16
277
13
20
989
13
22
2097
13
28
1118
13
32
2400
13
37
2986
14
24
1254
14
38
4770
16
23
1152
16
33
3200
17
26
734
18
29
1318
18
35
1536
18
39
2988
19
27
988
21
43
2353
22
37
2822
22
43
5178
23
32
1525
23
44
5444
25
33
1398
25
34
920
26
39
2278
27
37
913
29
41
1517
31
37
838
33
47
2375
33
47
1904
35
43
1449
35
54
1418
35
54
3088
36
49
1488
37
55
3555
39
47
922
41
47
595
41
52
1354
43
53
1168
44
56
1761
49
54
561
50
53
429
