2
10
2351
6
7
342
6
27
6097
6
73
8808
13
37
4723
18
102
14186
19
37
2101
24
45
2559
25
36
1397
25
42
2027
27
40
2753
28
44
2762
29
40
970
33
45
2056
36
48
3352
38
66
4455
39
52
2013
39
53
2513
40
49
2257
41
51
2022
41
55
1464
43
53
1308
44
52
1453
44
57
2405
45
71
2080
53
57
806
54
66
1133
55
58
381
55
65
2589
56
66
2229
56
81
3787
59
84
6635
60
70
2622
69
72
367
72
82
1998
75
81
1342
78
83
487
79
93
3915
92
104
1405
92
107
4048
92
114
3501
93
94
160
93
112
1272
94
106
3238
99
113
1660
99
114
1868
101
104
470
102
109
811
114
120
1649
116
123
2017
