4
25
6404
6
19
2173
11
21
1748
26
38
1021
27
230
41775
30
34
805
34
43
2343
34
48
1975
46
58
2393
48
63
1555
49
63
1302
49
69
2294
55
71
3268
56
69
1614
60
70
1939
63
74
2269
65
72
1198
68
81
1663
71
84
2360
79
92
1542
80
84
910
80
86
708
82
93
2763
83
100
3988
95
110
1527
97
113
1555
106
122
2990
112
128
2508
113
132
4535
115
117
640
116
118
820
118
128
1135
119
139
1624
122
131
888
143
170
2274
154
173
4649
157
181
2272
159
169
2275
164
182
2261
165
200
3750
172
195
2953
180
189
702
183
197
3979
191
197
691
205
227
5760
209
218
1414
212
229
3749
