1
12
1477
1
19
1656
3
27
4028
5
11
1504
5
24
3942
8
20
1757
10
19
2115
12
28
2423
13
23
1650
13
29
1427
14
92
7786
22
41
2999
22
71
13370
22
73
8292
23
32
1685
24
34
2015
25
39
3035
29
50
2231
32
43
1848
33
49
1804
35
50
3518
37
57
2090
41
45
714
41
51
1571
42
68
5189
45
51
875
46
59
1473
47
56
2357
49
61
1408
49
62
2329
52
62
1576
53
67
1648
53
73
1822
57
58
177
58
61
507
63
78
1429
65
69
397
66
82
3445
67
86
3780
70
77
810
70
83
1405
72
82
1370
73
84
3282
74
85
1548
75
81
1238
80
84
469
80
88
1072
92
94
315
