0
22
6111
0
56
4597
2
7
1312
2
12
1204
4
64
10747
5
16
3027
6
22
1952
7
11
739
7
16
804
7
28
2591
9
10
177
10
13
678
12
21
1587
12
23
1426
13
59
12022
17
26
1207
17
32
1296
18
29
2604
20
38
2675
21
39
2605
22
32
2036
23
28
459
23
31
464
23
39
3534
24
50
4720
27
31
611
27
41
2767
27
44
1819
28
34
1710
29
50
2959
30
36
804
30
39
1743
30
52
3382
32
50
3140
35
36
129
35
44
1169
36
45
2499
41
51
1880
44
58
2037
46
66
2274
47
65
1636
48
67
1137
51
62
1155
53
57
480
53
62
1042
53
67
1702
53
71
3781
54
64
2267
55
66
3318
57
65
1744
57
67
1924
58
64
1206
61
62
186
62
68
948
63
71
1018
64
67
395
65
67
571
