0
11
2117
3
14
1036
3
95
20758
4
22
2095
9
18
1717
13
22
2144
14
15
225
18
27
635
19
29
877
20
96
19166
22
94
11195
27
32
1467
29
82
14334
31
40
962
31
41
2170
32
40
1574
32
44
1419
33
46
1546
33
49
2556
33
87
6011
34
42
601
35
42
1057
35
52
1319
40
61
4101
47
64
1751
52
63
1656
52
70
1524
55
73
2485
58
97
6157
59
67
987
59
71
2113
63
67
696
63
71
1855
64
79
3018
72
83
2039
73
92
2085
74
93
3911
83
110
4013
88
109
4423
89
103
2036
91
95
1063
92
96
740
93
102
1576
95
111
2169
103
105
584
104
114
1780
