8
12
740
9
191
16409
15
27
1157
18
38
2600
19
33
1181
20
43
3726
25
31
1778
34
48
1911
36
55
3326
36
257
37837
42
53
1861
46
300
45233
50
66
3465
52
62
2475
52
88
3840
56
62
627
74
85
1962
76
85
686
85
216
30249
86
99
3732
96
106
1046
101
115
1131
105
285
27835
115
129
4167
127
137
1248
135
223
19394
140
153
3088
143
145
567
147
171
2645
153
305
10362
154
163
1162
163
173
888
176
184
950
176
194
1263
187
199
1598
187
205
2711
196
215
2185
200
205
1589
203
222
2677
204
216
1924
209
218
1722
218
229
1679
223
239
2288
223
250
2620
225
291
4329
233
255
1438
235
254
5225
236
255
2628
237
243
814
239
250
2265
241
255
3474
244
247
585
246
269
3164
247
253
1054
257
273
3775
266
273
754
272
275
740
275
293
1921
280
286
506
281
287
1623
288
294
868
289
304
4076
299
310
1585
310
318
1844
