0
15
1611
1
64
10890
3
11
653
4
91
16630
7
19
2471
7
27
3785
8
13
966
14
24
1028
15
25
1358
16
18
450
16
29
3546
19
40
2482
21
25
602
21
94
5762
23
24
403
24
31
1040
25
28
514
26
35
1568
27
33
608
27
46
4021
29
44
1548
32
41
1028
33
49
1749
34
38
1122
37
46
1143
37
55
2545
37
95
11368
39
48
1724
41
48
1646
45
51
1226
45
59
3417
45
72
3990
48
57
1056
48
62
2133
53
60
767
53
62
1330
54
64
1837
59
66
1642
60
73
2120
61
68
725
61
70
1268
61
82
4903
62
67
669
64
88
2582
65
79
1505
68
74
1003
68
86
2120
68
91
5088
70
83
2074
71
88
2446
74
86
1673
75
82
1355
76
83
2104
78
89
1234
79
90
3220
81
92
1568
83
85
605
86
88
585
90
95
350
91
96
521
