4
14
1521
7
19
2427
13
120
18662
14
22
603
23
29
1207
24
144
14622
27
44
1551
28
38
2982
35
45
2934
39
45
1336
42
54
3228
43
47
819
45
46
440
46
145
13935
49
63
1737
56
143
7896
61
67
672
63
67
1116
65
152
14065
67
77
1491
67
88
4817
68
86
3586
72
82
2865
75
78
849
78
95
4476
79
81
364
83
93
1054
87
94
1094
89
99
1014
94
104
1040
102
105
763
104
120
1600
105
126
3553
105
127
4098
108
119
1212
108
122
1117
109
115
1287
112
131
3267
114
142
6052
118
139
2783
129
141
2266
134
148
1244
138
151
2385
139
149
684
140
149
1590
142
152
2919
