4
22
2411
10
26
2981
20
40
1775
23
30
1204
39
53
1860
40
45
838
44
59
3936
53
70
5085
70
78
725
71
81
3099
72
79
1842
77
257
25898
78
88
1868
82
152
15270
83
88
742
88
98
1502
90
96
808
104
122
1457
107
118
1830
107
122
2288
110
206
22378
113
210
10131
119
129
1495
128
137
1114
128
148
2383
130
143
1323
132
147
2265
137
196
6989
147
173
2571
148
160
1526
149
158
1223
149
158
1472
158
162
632
161
171
3114
175
188
2708
183
188
1479
189
215
3470
191
205
2243
200
220
3479
205
213
1523
206
215
2284
210
212
478
221
224
277
223
228
1119
225
229
1103
225
238
2941
231
240
2155
233
241
1554
234
238
913
237
251
1730
238
248
1267
253
259
1205
253
263
1253
