4
209
36227
7
29
1611
11
227
26125
17
29
3180
21
26
989
30
49
2203
38
49
1443
40
50
1026
48
51
742
51
73
3006
54
68
3132
56
72
2472
58
76
3167
63
65
572
74
91
3241
76
79
740
79
88
1862
80
91
2510
90
103
2400
95
103
928
100
112
3522
107
126
1503
117
135
2035
121
143
1569
124
149
1827
128
148
3109
131
138
1191
134
140
934
135
203
5654
153
158
1047
161
163
363
166
176
1638
166
177
1205
175
187
1656
179
202
2404
180
182
501
188
205
2466
190
209
2373
193
207
2109
196
203
583
199
218
3791
200
214
4393
200
214
1538
205
223
2455
207
224
1755
224
228
499
