4
299
1
8
24
1
19
31
1
19
208
1
28
31
1
28
45
1
30
185
1
31
48
1
33
53
1
48
296
1
52
61
1
53
73
1
54
56
1
61
72
1
61
87
1
63
76
1
65
75
1
68
81
1
69
76
1
71
88
1
76
85
1
85
97
1
88
147
1
90
113
1
100
111
1
104
117
1
105
113
1
106
131
1
107
117
1
108
149
1
127
143
1
132
150
1
135
149
1
136
148
1
137
150
1
138
147
1
148
152
1
158
174
1
163
170
1
166
171
1
172
185
1
173
184
1
175
185
1
179
190
1
187
189
1
187
210
1
194
206
1
220
237
1
228
240
1
232
240
1
237
254
1
238
250
1
242
255
1
246
260
1
257
265
1
259
283
1
266
279
1
270
282
1
275
290
1
277
290
1
281
286
1
288
310
1
303
318
1
308
317
1
