2
20
2010
5
205
38107
6
25
2163
10
30
2010
19
29
1887
26
48
4198
28
43
3124
29
37
2163
30
37
1880
31
53
3005
34
43
1273
35
60
3927
38
43
409
39
48
1192
43
49
707
51
58
1395
54
71
3661
56
71
3931
58
60
541
59
239
18564
60
77
3674
69
83
1961
70
80
769
72
81
701
75
88
2102
78
87
1954
79
93
3101
83
93
899
87
89
170
111
120
1246
125
146
5557
135
146
1792
137
155
2177
138
142
506
145
155
2414
148
159
1212
148
176
3071
155
160
912
158
161
330
160
174
1709
173
180
930
180
207
3147
186
202
1612
189
200
2732
201
209
1142
206
226
2841
215
220
1232
217
236
3151
