1
10
2716
2
17
2507
6
27
4122
7
20
2436
12
32
2307
14
25
1321
18
33
2441
20
79
3241
23
49
4603
24
26
342
24
41
1470
24
47
2628
26
39
2302
27
43
2692
32
37
1281
34
47
3164
34
59
3888
36
38
518
36
42
1408
37
53
2301
38
41
556
39
53
2411
41
51
1563
43
59
2136
45
55
2044
45
56
2794
45
63
4367
46
69
3100
49
57
1109
49
72
3581
51
57
1394
53
72
2345
54
64
1240
55
61
844
62
75
1430
63
78
1491
64
74
1061
64
76
2315
71
93
2056
72
80
926
73
78
1692
73
101
2314
76
80
912
76
89
1208
77
88
2838
79
92
1388
80
89
2205
81
95
1918
82
102
4077
84
96
2003
86
98
1790
92
105
2987
92
107
2300
101
104
839
