0
8
1419
0
50
6527
0
50
13644
1
10
1169
1
11
1327
1
41
5728
2
13
1367
2
15
2005
2
24
2159
2
30
4579
2
38
5295
3
14
835
3
26
3904
4
19
1854
5
41
4304
6
15
1943
6
28
4352
7
19
1981
7
21
3720
8
15
694
8
17
1363
9
33
3155
10
11
229
10
33
2709
11
32
3653
12
16
912
12
24
3258
12
26
2016
13
30
1678
14
20
1056
16
20
427
16
29
1953
16
32
3009
16
33
1697
17
40
3619
18
41
3480
20
25
1217
21
32
1831
21
43
5850
23
38
1661
24
33
753
24
34
1092
24
40
1630
26
42
2297
28
36
1041
28
39
1469
29
42
1471
31
34
530
32
41
1161
32
41
2015
40
46
888
