0
13
3833
8
104
21515
9
23
1485
10
20
1750
11
28
1510
14
30
4676
23
30
769
31
43
1914
33
220
17049
44
50
896
45
221
24188
49
72
3079
53
63
2020
55
66
1564
61
67
609
68
210
30471
70
89
4657
72
89
3829
74
154
8629
77
103
2478
80
255
23881
84
95
2063
85
88
333
98
115
1046
103
119
3816
106
120
2751
111
170
9430
119
125
1584
119
213
20053
120
144
6895
123
136
3201
125
130
757
128
133
504
136
149
2145
144
158
2426
154
159
589
161
174
2129
162
173
2393
165
181
1724
169
187
3466
175
207
5917
178
195
2058
191
201
1453
192
204
1870
199
217
2734
203
214
1139
209
231
2438
212
221
1570
212
222
1150
217
224
1168
237
243
1046
243
259
4766
256
263
1738
