4
27
2682
6
27
5693
9
16
1257
19
34
2176
21
33
2264
26
28
455
28
38
871
30
55
4501
72
82
1249
74
87
1762
77
91
2066
82
87
992
89
110
4911
104
115
989
110
406
40451
111
125
1406
120
138
2471
155
161
992
158
164
859
166
172
639
167
183
1720
169
178
1840
207
266
6126
227
251
3475
228
253
6150
230
257
3422
235
249
1312
243
249
967
244
248
724
248
256
810
252
290
5657
262
269
1402
265
280
2286
271
276
1140
281
293
2830
288
304
3651
297
315
3737
301
311
1021
330
350
2922
352
368
2143
389
404
2605
402
412
2768
422
443
2849
424
442
2839
437
446
1145
448
461
3634
448
465
2596
454
473
3521
474
484
2502
