0
109
19209
2
11
823
3
6
465
3
27
3314
4
8
1316
4
22
3676
5
25
4784
5
30
5312
5
104
18413
6
19
1715
11
28
2367
13
23
1532
14
29
3252
15
30
1490
15
107
20969
18
24
724
23
34
876
23
34
937
24
46
3924
25
41
2008
28
44
1555
32
44
2845
32
98
9514
35
51
2732
36
52
2641
37
42
1036
37
43
1082
42
46
474
45
48
405
45
63
2096
47
103
14838
51
52
558
51
61
1808
54
64
1032
57
65
1790
61
78
2300
63
65
652
63
78
3510
70
89
3328
71
81
2640
72
81
767
77
92
3304
78
98
2428
80
84
1016
81
97
1325
84
87
397
85
104
3608
88
96
899
89
103
1902
89
108
5325
91
99
1122
91
99
1429
94
107
2775
95
108
2539
98
105
1741
