0
28
2909
2
3
293
4
8
826
4
14
1652
7
104
9108
11
19
928
12
21
1113
14
28
3333
14
38
3668
14
39
2058
14
98
20642
16
33
2650
18
35
2726
23
37
2262
24
35
1366
26
39
2495
29
54
2953
32
45
1122
34
40
1059
35
62
6640
36
55
2568
42
50
905
42
53
2876
45
50
874
47
63
2258
50
56
627
54
63
1038
55
75
2149
57
62
945
57
70
1152
63
86
3698
65
73
661
67
77
2038
67
85
1439
68
82
1584
70
78
667
70
105
6552
73
82
939
74
81
2202
75
78
868
75
83
825
77
93
3923
78
89
2007
78
93
2047
79
84
1121
79
89
2031
79
94
2811
80
88
714
81
86
866
85
86
232
86
100
1348
87
100
1239
96
101
1245
